1.34647
1.75532
1.31157
0.881868
0.602358
1.57164
1.54093
1.08953
0.437124
0.860149
1.01357
0.337693
2.09559
0.618687
1.81591
0.583138
0.965996
0.68378
0.901042
1.13052
0.532912
1.2281
0.607341
1.22503
1.33829
1.2076
1.48533
1.84747
0.782083
0.246427
2.07942
1.16084
2.59746
0.990374
2.07943
1.75448
0.796059
1.60796
1.58074
1.69847
0.603183
1.47603
1.23884
1.26365
0.62796
1.85495
1.80753
0.947638
1.61126
0.591759
1.67764
1.55083
1.21112
0.882254
1.3919
0.818819
1.48672
1.15999
1.8548
1.1497
2.18173
0.909676
0.905897
0.601111
1.39585
0.320552
1.03698
1.37187
0.50495
1.08944
0.741386
0.290019
0.254414
0.835597
0.838693
0.612739
0.962205
0.460553
0.77991
0.853018
1.4574
1.57673
1.74298
0.664196
1.83249
0.821171
1.43013
1.0872
1.29547
1.44824
1.61665
0.575112
0.834149
1.0744
1.60184
1.54749
0.950139
0.825597
0.827028
1.91772
0.957007
0.633769
1.6658
1.70565
0.850906
0.232015
0.379404
0.464108
0.742567
0.975712
0.921791
0.759298
0.558582
0.274177
0.8282
0.512311
0.410809
1.12861
1.14849
0.532797
1.28644
0.4847
1.06586
1.54193
1.46764
0.703403
0.720066
0.905098
1.80287
1.80837
0.188225
0.944894
0.419087
0.370422
0.974442
0.782242
1.56488
1.45792
0.57403
1.05083
1.31204
1.54792
0.802391
0.702179
1.1168
1.10239
1.07929
1.09144
0.278788
0.36837
0.251281
0.954097
1.55438
0.345197
0.897859
2.67074
0.828652
2.37838
0.675381
0.169667
0.279816
1.20571
0.879028
0.258606
1.18428
0.779424
1.48793
1.06056
1.74249
0.776875
0.869319
0.607307
0.470053
1.02477
0.810005
1.49026
2.23245
0.514532
1.45305
0.8822
0.772547
1.73748
0.568503
1.55195
1.88731
0.542772
1.68878
1.65945
1.48367
0.824774
1.72476
2.96449
1.31034
1.15088
0.616521
0.384031
0.980192
0.417514
1.85009
0.850718
0.454104
1.43817
1.21258
0.917708
1.55858
0.737389
1.93134
2.42306
0.446052
1.42094
1.41296
0.767717
1.23051
1.29276
0.208147
1.45155
1.05264
0.697257
1.28955
1.37094
1.41597
1.70884
1.21704
0.757104
1.64988
0.082122
1.32508
0.991125
1.06448
0.828748
0.903826
2.34027
1.05175
0.828056
0.703303
1.3921
0.305569
1.14218
0.845647
2.72711
1.43572
1.90978
0.810585
0.52229
0.387957
1.76453
0.529851
0.620998
1.15249
2.18506
2.0171
1.20147
2.29119
0.358045
0.737082
1.27541
1.20047
1.95679
2.09964
1.88032
3.24701
0.773704
1.7922
0.651072
1.05688
0.186935
1.02474
0.548394
1.39271
0.753591
0.642946
0.19204
1.62383
2.34925
1.51709
0.0817758
1.27495
1.24675
1.48511
1.90228
0.861756
1.2682
1.15502
1.38537
1.49369
1.2763
0.337489
1.16221
1.4053
1.68329
0.820734
1.41806
1.01346
0.674452
1.54865
0.862561
0.948093
1.4063
1.68428
1.91811
1.57279
0.144165
1.48238
0.470661
1.95238
1.62432
1.55802
1.46896
1.38408
1.00899
1.49378
0.766775
0.524709
1.71961
0.648219
0.878768
1.04499
1.38509
0.699741
1.98341
1.47535
0.153685
0.354238
1.0915
0.700633
1.43126
1.7992
0.624786
1.15684
1.35689
2.98839
0.629813
1.43884
0.994813
1.28651
1.0266
0.998904
0.672065
1.20852
0.667128
1.55734
1.69432
0.445991
0.313166
1.17219
0.573742
0.347961
1.20929
1.26033
1.74417
1.23046
1.74921
1.71866
1.46737
2.02492
0.353088
0.301622
1.61441
0.740276
0.320317
1.75718
2.7252
1.06221
2.47966
1.92992
1.15231
0.700885
0.861194
1.3126
1.43592
2.02613
0.749104
0.392128
0.685062
1.47691
0.946834
1.17617
0.715142
1.84124
1.62389
0.683026
1.57721
1.38515
0.94563
2.28306
1.25372
1.60446
1.32818
1.1211
2.59191
2.01638
0.849292
1.75446
2.23985
1.65323
2.18602
0.97966
0.721966
1.44229
2.08544
1.26362
0.404253
1.59902
1.86729
0.783904
1.16288
0.64264
1.6569
0.699015
1.41608
0.692754
0.490275
0.549403
2.06114
1.43019
1.75942
0.456063
1.06425
1.06674
2.22856
0.765554
1.7189
0.836695
0.815117
1.70436
0.978704
0.263023
0.897682
0.989641
1.54344
1.45354
0.540311
2.44246
1.55322
0.615675
1.37561
0.9355
1.87786
0.921741
1.54239
0.423764
1.56251
1.02536
1.64902
1.10969
1.16848
0.213099
2.07478
1.75184
1.76569
0.981123
0.575378
0.470254
0.790104
1.91037
1.33562
1.9562
0.872754
2.21303
1.26308
1.41575
1.2326
0.723565
0.238611
1.1757
0.979364
0.790009
0.770209
1.93096
0.257359
1.42216
1.9725
1.21014
0.35765
2.28935
2.6118
1.5262
1.77923
1.03849
2.36037
1.47978
0.949609
0.427657
0.861616
1.23442
0.691956
0.942231
1.07423
1.57495
0.45766
0.385325
0.96948
0.955982
0.70024
2.29388
0.834026
0.543876
0.569232
2.36734
0.824832
0.783309
1.78684
0.942337
0.465172
1.27557
1.26577
1.24817
0.593057
0.631342
1.90712
1.51712
1.84229
0.594795
0.347614
2.15809
0.176707
1.45696
0.98782
0.217359
2.42528
0.926211
0.555287
1.1536
0.435259
0.464816
0.903351
1.145
1.13548
0.689727
1.40428
2.49214
0.648237
0.545095
1.14476
0.488056
1.20616
1.05677
0.3578
1.74679
1.08814
0.112608
1.60295
1.38194
1.29603
1.63477
2.10085
1.28307
1.57141
0.983346
2.00901
0.688989
2.09606
1.39306
1.22464
1.37709
1.38151
2.15594
1.11099
1.40151
1.26927
0.851579
1.60214
1.96657
2.21852
1.58854
0.269116
1.64434
1.06579
3.05105
3.55204
1.09843
1.94359
0.824959
1.20796
2.11365
0.862405
0.67325
1.69628
0.134287
0.166389
0.544587
0.642451
1.5766
1.0674
2.88709
1.03153
0.851519
1.03109
0.326378
1.17042
1.94074
1.49922
1.69953
0.686148
0.80576
1.35259
1.90668
1.06304
0.0763842
0.971226
1.81273
1.46676
1.16464
1.55238
1.37165
1.10029
1.10739
1.5745
0.942214
1.61816
1.12981
1.18389
0.541698
1.21536
0.182432
0.343317
1.92749
0.559072
2.61387
0.975174
2.36835
0.471741
2.02834
1.53407
1.75612
0.673244
1.30771
0.538516
0.379324
2.0073
1.85763
0.675346
0.243637
1.41549
0.867083
0.243104
0.523576
1.28069
0.677533
1.39555
0.496602
1.35399
1.48376
1.54884
1.86586
1.41416
1.47967
2.28502
0.371673
1.42869
1.32728
1.02856
1.48104
1.08148
0.889524
1.41805
1.65094
0.606529
0.698358
1.23495
2.39007
0.570023
0.146983
1.27514
1.47245
2.11643
0.596544
1.00591
0.747277
1.1755
2.36977
0.364501
1.66557
0.800115
0.768519
1.24837
1.58525
2.11358
2.28432
0.532665
0.807304
0.366962
1.42079
1.8694
1.1273
0.579469
0.613921
1.36692
2.54457
1.19728
0.471338
2.99277
1.84262
0.643608
1.38721
1.17747
0.946585
1.04125
2.76887
0.668063
0.967084
0.659299
0.164589
1.12312
0.843885
1.77529
0.353753
0.498344
1.09497
0.581587
1.22046
1.27618
0.557161
1.50509
1.59892
0.093583
2.07205
1.5767
0.142354
0.590897
2.53967
1.56027
2.14659
2.12302
0.913364
2.06047
0.745021
0.668509
1.10153
1.97787
2.88276
0.801218
0.356958
0.477167
0.486907
1.58166
0.629236
1.33098
1.14916
2.5432
1.36329
1.87369
2.30827
1.1819
2.27094
1.67171
0.785255
0.816742
0.661883
0.791273
0.154462
1.21902
1.52844
1.08112
1.42533
1.41496
2.14402
1.74366
1.1317
0.312471
1.39348
0.988122
0.736876
1.84216
1.02103
1.06594
0.961015
2.16973
1.1657
0.707844
1.38332
1.24301
0.527916
1.39594
2.67522
0.616638
1.44255
1.14169
1.47923
2.18178
1.65657
1.13677
0.46003
0.541438
2.02016
2.36626
0.910476
1.02901
0.934151
0.678661
0.767998
1.16067
1.64172
0.654324
1.35997
3.05562
0.987935
0.72401
0.479188
0.984463
1.05723
1.62329
0.568649
1.16205
0.538115
0.239698
1.0891
0.220718
1.28916
1.15819
0.81284
0.393549
1.09303
1.76805
0.664721
0.482945
0.72193
1.12922
1.12977
1.42478
2.08916
0.882439
0.526919
0.867658
1.6133
1.68134
1.38596
0.924465
1.1019
1.50701
2.06433
0.945344
1.31075
0.392031
1.16406
0.441695
0.879425
0.88125
1.2172
2.39456
1.7974
1.09297
1.11787
0.44445
1.02783
0.82691
1.03642
1.46084
1.38776
1.31345
0.531982
2.26544
1.17511
1.32919
1.49685
0.108566
2.07419
1.58805
1.29856
0.344399
1.85317
1.49516
1.03377
0.736935
2.43598
1.47752
1.34929
0.729153
1.48869
2.48629
0.831295
0.99301
2.16919
1.964
1.21062
0.953936
1.71119
1.85257
0.782258
2.65122
0.615151
1.67575
2.88089
2.09739
1.0787
0.21958
1.02133
1.92944
1.82713
0.676554
0.788513
1.04113
0.667409
1.36602
1.18707
0.14748
1.67153
1.17955
1.23827
1.21014
0.693965
0.912171
0.527683
2.07286
1.26848
1.62008
0.777508
0.395148
1.1305
0.518439
1.05619
0.837948
1.2008
0.4832
0.931801
1.2206
1.24184
0.533621
1.86682
1.21989
1.07806
1.38901
2.07122
1.5889
0.369419
0.640128
0.193639
0.585664
0.0795789
1.66078
0.716488
2.60893
0.941987
1.55224
1.43502
1.38034
1.73765
0.66884
0.245472
0.751132
1.93207
1.31949
0.741705
0.803053
1.95286
0.727539
1.87105
0.676261
2.10575
0.584989
1.59193
0.910425
1.22457
1.69112
1.04971
0.978469
1.89663
1.27632
1.28579
1.11887
1.31168
0.167864
1.34532
0.846649
1.41857
1.76454
0.714867
1.41582
1.17903
0.809881
0.972829
1.0308
1.51837
2.02182
0.458026
1.12019
1.4011
0.961496
1.29473
1.14019
1.24787
1.88664
0.806819
0.665339
1.28828
0.316279
0.440953
0.850079
1.63309
1.67954
1.93562
1.61217
1.066
0.603553
1.07997
2.59611
0.839071
0.793363
0.963241
1.23014
0.607544
0.496367
1.35461
1.50045
0.225876
1.23783
0.660993
0.837265
0.940471
1.35495
1.19727
1.01667
0.906024
1.16347
1.44496
0.335731
1.16862
1.26453
1.60622
2.03398
1.99788
1.3019
0.655392
0.789976
