0.02	0.999708	-0.019199
0.03	0.999431	-0.0276602
0.04	0.999077	-0.0354417
0.05	0.998651	-0.0425971
0.06	0.998159	-0.0491758
0.07	0.997607	-0.0552234
0.08	0.996999	-0.0607816
0.09	0.99634	-0.065889
0.1	0.995635	-0.0705813
0.11	0.994886	-0.0748912
0.12	0.994097	-0.0788487
0.13	0.993272	-0.0824818
0.14	0.992414	-0.085816
0.15	0.991525	-0.0888748
0.16	0.990609	-0.0916801
0.17	0.989666	-0.0942518
0.18	0.9887	-0.0966083
0.19	0.987712	-0.0987666
0.2	0.986705	-0.100742
0.21	0.985679	-0.10255
0.22	0.984637	-0.104203
0.23	0.98358	-0.105713
0.24	0.982509	-0.107092
0.25	0.981426	-0.10835
0.26	0.980331	-0.109496
0.27	0.979225	-0.110539
0.28	0.978111	-0.111489
0.29	0.976987	-0.112351
0.3	0.975856	-0.113132
0.31	0.974717	-0.11384
0.32	0.973573	-0.11448
0.33	0.972422	-0.115058
0.34	0.971266	-0.115577
0.35	0.970106	-0.116044
0.36	0.968941	-0.116461
0.37	0.967773	-0.116834
0.38	0.966601	-0.117165
0.39	0.965427	-0.117458
0.4	0.964249	-0.117715
0.41	0.96307	-0.117941
0.42	0.961889	-0.118136
0.43	0.960706	-0.118304
0.44	0.959521	-0.118447
0.45	0.958335	-0.118566
0.46	0.957149	-0.118664
0.47	0.955961	-0.118743
0.48	0.954773	-0.118803
0.49	0.953585	-0.118846
0.5	0.952396	-0.118874
0.51	0.951207	-0.118888
0.52	0.950018	-0.118889
0.53	0.94883	-0.118879
0.54	0.947641	-0.118857
0.55	0.946453	-0.118824
0.56	0.945265	-0.118783
0.57	0.944078	-0.118733
0.58	0.942891	-0.118675
0.59	0.941705	-0.11861
0.6	0.940519	-0.118538
0.61	0.939335	-0.11846
0.62	0.938151	-0.118377
0.63	0.936968	-0.118288
0.64	0.935786	-0.118195
0.65	0.934605	-0.118097
0.66	0.933425	-0.117995
0.67	0.932246	-0.11789
0.68	0.931069	-0.117781
0.69	0.929892	-0.11767
0.7	0.928716	-0.117555
0.71	0.927542	-0.117438
0.72	0.926369	-0.117318
0.73	0.925197	-0.117196
0.74	0.924026	-0.117073
0.75	0.922857	-0.116947
0.76	0.921688	-0.11682
0.77	0.920522	-0.116691
0.78	0.919356	-0.116561
0.79	0.918192	-0.11643
0.8	0.917029	-0.116297
0.81	0.915867	-0.116164
0.82	0.914707	-0.116029
0.83	0.913548	-0.115894
0.84	0.91239	-0.115758
0.85	0.911234	-0.115621
0.86	0.910079	-0.115484
0.87	0.908926	-0.115346
0.88	0.907774	-0.115208
0.89	0.906623	-0.115069
0.9	0.905474	-0.114929
0.91	0.904326	-0.11479
0.92	0.903179	-0.11465
0.93	0.902034	-0.11451
0.94	0.90089	-0.114369
0.95	0.899748	-0.114229
0.96	0.898607	-0.114088
0.97	0.897468	-0.113947
0.98	0.89633	-0.113806
0.99	0.895193	-0.113665
1	0.894058	-0.113523
1.01	0.892924	-0.113382
1.02	0.891792	-0.113241
1.03	0.890661	-0.113099
1.04	0.889531	-0.112958
1.05	0.888403	-0.112817
1.06	0.887276	-0.112675
1.07	0.886151	-0.112534
1.08	0.885027	-0.112393
1.09	0.883904	-0.112252
1.1	0.882783	-0.112111
1.11	0.881664	-0.11197
1.12	0.880545	-0.111829
1.13	0.879428	-0.111688
1.14	0.878313	-0.111547
1.15	0.877199	-0.111406
1.16	0.876086	-0.111266
1.17	0.874975	-0.111126
1.18	0.873865	-0.110985
1.19	0.872757	-0.110845
1.2	0.87165	-0.110705
1.21	0.870544	-0.110565
1.22	0.86944	-0.110425
1.23	0.868337	-0.110286
1.24	0.867235	-0.110146
1.25	0.866135	-0.110007
1.26	0.865037	-0.109868
1.27	0.863939	-0.109729
1.28	0.862843	-0.10959
1.29	0.861749	-0.109451
1.3	0.860656	-0.109312
1.31	0.859564	-0.109174
1.32	0.858474	-0.109036
1.33	0.857385	-0.108898
1.34	0.856297	-0.10876
1.35	0.855211	-0.108622
1.36	0.854126	-0.108484
1.37	0.853043	-0.108347
1.38	0.85196	-0.108209
1.39	0.85088	-0.108072
1.4	0.8498	-0.107935
1.41	0.848722	-0.107798
1.42	0.847646	-0.107662
1.43	0.846571	-0.107525
1.44	0.845497	-0.107389
1.45	0.844424	-0.107253
1.46	0.843353	-0.107117
1.47	0.842283	-0.106981
1.48	0.841215	-0.106845
1.49	0.840148	-0.10671
1.5	0.839082	-0.106575
1.51	0.838017	-0.106439
1.52	0.836954	-0.106304
1.53	0.835893	-0.10617
1.54	0.834832	-0.106035
1.55	0.833773	-0.105901
1.56	0.832716	-0.105766
1.57	0.831659	-0.105632
1.58	0.830604	-0.105498
1.59	0.829551	-0.105364
1.6	0.828498	-0.105231
1.61	0.827447	-0.105097
1.62	0.826398	-0.104964
1.63	0.82535	-0.104831
1.64	0.824303	-0.104698
1.65	0.823257	-0.104565
1.66	0.822213	-0.104432
1.67	0.82117	-0.1043
1.68	0.820128	-0.104168
1.69	0.819088	-0.104035
1.7	0.818049	-0.103904
1.71	0.817011	-0.103772
1.72	0.815974	-0.10364
1.73	0.814939	-0.103509
1.74	0.813906	-0.103377
1.75	0.812873	-0.103246
1.76	0.811842	-0.103115
1.77	0.810812	-0.102984
1.78	0.809784	-0.102854
1.79	0.808756	-0.102723
1.8	0.80773	-0.102593
1.81	0.806706	-0.102463
1.82	0.805682	-0.102333
1.83	0.80466	-0.102203
1.84	0.80364	-0.102073
1.85	0.80262	-0.101944
1.86	0.801602	-0.101815
1.87	0.800585	-0.101686
1.88	0.79957	-0.101557
1.89	0.798555	-0.101428
1.9	0.797542	-0.101299
1.91	0.796531	-0.101171
1.92	0.79552	-0.101042
1.93	0.794511	-0.100914
1.94	0.793503	-0.100786
1.95	0.792497	-0.100658
1.96	0.791491	-0.10053
1.97	0.790487	-0.100403
1.98	0.789485	-0.100276
1.99	0.788483	-0.100148
2	0.787483	-0.100021
2.01	0.786484	-0.0998945
2.02	0.785486	-0.0997678
2.03	0.78449	-0.0996412
2.04	0.783495	-0.0995148
2.05	0.782501	-0.0993886
2.06	0.781508	-0.0992625
2.07	0.780517	-0.0991366
2.08	0.779527	-0.0990108
2.09	0.778538	-0.0988852
2.1	0.77755	-0.0987598
2.11	0.776564	-0.0986345
2.12	0.775579	-0.0985094
2.13	0.774595	-0.0983844
2.14	0.773612	-0.0982596
2.15	0.772631	-0.098135
2.16	0.771651	-0.0980105
2.17	0.770672	-0.0978861
2.18	0.769694	-0.097762
2.19	0.768718	-0.097638
2.2	0.767743	-0.0975141
2.21	0.766769	-0.0973904
2.22	0.765796	-0.0972669
2.23	0.764825	-0.0971435
2.24	0.763855	-0.0970203
2.25	0.762886	-0.0968972
2.26	0.761918	-0.0967743
2.27	0.760951	-0.0966515
2.28	0.759986	-0.0965289
2.29	0.759022	-0.0964064
2.3	0.758059	-0.0962842
2.31	0.757098	-0.096162
2.32	0.756137	-0.09604
2.33	0.755178	-0.0959182
2.34	0.75422	-0.0957965
2.35	0.753263	-0.095675
2.36	0.752308	-0.0955536
2.37	0.751354	-0.0954324
2.38	0.7504	-0.0953114
2.39	0.749449	-0.0951905
2.4	0.748498	-0.0950697
2.41	0.747548	-0.0949491
2.42	0.7466	-0.0948287
2.43	0.745653	-0.0947084
2.44	0.744707	-0.0945882
2.45	0.743762	-0.0944682
2.46	0.742819	-0.0943484
2.47	0.741877	-0.0942287
2.48	0.740936	-0.0941092
2.49	0.739996	-0.0939898
2.5	0.739057	-0.0938706
2.51	0.738119	-0.0937515
2.52	0.737183	-0.0936326
2.53	0.736248	-0.0935138
2.54	0.735314	-0.0933952
2.55	0.734381	-0.0932767
2.56	0.73345	-0.0931584
2.57	0.732519	-0.0930402
2.58	0.73159	-0.0929222
2.59	0.730662	-0.0928043
2.6	0.729735	-0.0926866
2.61	0.728809	-0.092569
2.62	0.727885	-0.0924516
2.63	0.726962	-0.0923343
2.64	0.726039	-0.0922172
2.65	0.725118	-0.0921002
2.66	0.724199	-0.0919834
2.67	0.72328	-0.0918667
2.68	0.722362	-0.0917501
2.69	0.721446	-0.0916338
2.7	0.720531	-0.0915175
2.71	0.719617	-0.0914014
2.72	0.718704	-0.0912855
2.73	0.717792	-0.0911697
2.74	0.716882	-0.091054
2.75	0.715972	-0.0909385
2.76	0.715064	-0.0908232
2.77	0.714157	-0.090708
2.78	0.713251	-0.0905929
2.79	0.712346	-0.090478
2.8	0.711443	-0.0903632
2.81	0.71054	-0.0902486
2.82	0.709639	-0.0901341
2.83	0.708739	-0.0900197
2.84	0.70784	-0.0899056
2.85	0.706942	-0.0897915
2.86	0.706045	-0.0896776
2.87	0.705149	-0.0895638
2.88	0.704255	-0.0894502
2.89	0.703361	-0.0893368
2.9	0.702469	-0.0892234
2.91	0.701578	-0.0891102
2.92	0.700688	-0.0889972
2.93	0.699799	-0.0888843
2.94	0.698912	-0.0887716
2.95	0.698025	-0.088659
2.96	0.69714	-0.0885465
2.97	0.696255	-0.0884342
2.98	0.695372	-0.088322
2.99	0.69449	-0.0882099
3	0.693609	-0.088098
3.01	0.692729	-0.0879863
3.02	0.69185	-0.0878747
3.03	0.690973	-0.0877632
3.04	0.690096	-0.0876519
3.05	0.689221	-0.0875407
3.06	0.688346	-0.0874296
3.07	0.687473	-0.0873187
3.08	0.686601	-0.087208
3.09	0.68573	-0.0870973
3.1	0.68486	-0.0869869
3.11	0.683992	-0.0868765
3.12	0.683124	-0.0867663
3.13	0.682257	-0.0866562
3.14	0.681392	-0.0865463
3.15	0.680527	-0.0864365
3.16	0.679664	-0.0863269
3.17	0.678802	-0.0862174
3.18	0.677941	-0.086108
3.19	0.677081	-0.0859988
3.2	0.676222	-0.0858897
3.21	0.675364	-0.0857807
3.22	0.674508	-0.0856719
3.23	0.673652	-0.0855632
3.24	0.672797	-0.0854547
3.25	0.671944	-0.0853463
3.26	0.671092	-0.085238
3.27	0.67024	-0.0851299
3.28	0.66939	-0.0850219
3.29	0.668541	-0.0849141
3.3	0.667693	-0.0848063
3.31	0.666846	-0.0846988
3.32	0.666	-0.0845913
3.33	0.665155	-0.084484
3.34	0.664311	-0.0843768
3.35	0.663469	-0.0842698
3.36	0.662627	-0.0841629
3.37	0.661786	-0.0840561
3.38	0.660947	-0.0839495
3.39	0.660108	-0.083843
3.4	0.659271	-0.0837367
3.41	0.658435	-0.0836304
3.42	0.6576	-0.0835244
3.43	0.656765	-0.0834184
3.44	0.655932	-0.0833126
3.45	0.6551	-0.0832069
3.46	0.654269	-0.0831014
3.47	0.653439	-0.0829959
3.48	0.65261	-0.0828907
3.49	0.651782	-0.0827855
3.5	0.650956	-0.0826805
3.51	0.65013	-0.0825756
3.52	0.649305	-0.0824709
3.53	0.648482	-0.0823662
3.54	0.647659	-0.0822618
3.55	0.646837	-0.0821574
3.56	0.646017	-0.0820532
3.57	0.645197	-0.0819491
3.58	0.644379	-0.0818451
3.59	0.643561	-0.0817413
3.6	0.642745	-0.0816376
3.61	0.64193	-0.0815341
3.62	0.641115	-0.0814306
3.63	0.640302	-0.0813273
3.64	0.63949	-0.0812242
3.65	0.638679	-0.0811211
3.66	0.637869	-0.0810182
3.67	0.637059	-0.0809155
3.68	0.636251	-0.0808128
3.69	0.635444	-0.0807103
3.7	0.634638	-0.0806079
3.71	0.633833	-0.0805057
3.72	0.633029	-0.0804035
3.73	0.632226	-0.0803016
3.74	0.631424	-0.0801997
3.75	0.630623	-0.080098
3.76	0.629823	-0.0799963
3.77	0.629024	-0.0798949
3.78	0.628226	-0.0797935
3.79	0.627429	-0.0796923
3.8	0.626633	-0.0795912
3.81	0.625838	-0.0794902
3.82	0.625044	-0.0793894
3.83	0.624252	-0.0792887
3.84	0.62346	-0.0791881
3.85	0.622669	-0.0790877
3.86	0.621879	-0.0789873
3.87	0.62109	-0.0788871
3.88	0.620302	-0.0787871
3.89	0.619515	-0.0786871
3.9	0.618729	-0.0785873
3.91	0.617945	-0.0784876
3.92	0.617161	-0.0783881
3.93	0.616378	-0.0782886
3.94	0.615596	-0.0781893
3.95	0.614815	-0.0780901
3.96	0.614035	-0.0779911
3.97	0.613256	-0.0778921
3.98	0.612478	-0.0777933
3.99	0.611701	-0.0776946
4	0.610925	-0.0775961
4.01	0.61015	-0.0774976
4.02	0.609376	-0.0773993
4.03	0.608603	-0.0773012
4.04	0.607831	-0.0772031
4.05	0.60706	-0.0771052
4.06	0.60629	-0.0770074
4.07	0.605521	-0.0769097
4.08	0.604753	-0.0768121
4.09	0.603986	-0.0767147
4.1	0.60322	-0.0766174
4.11	0.602454	-0.0765202
4.12	0.60169	-0.0764231
4.13	0.600927	-0.0763261
4.14	0.600165	-0.0762293
4.15	0.599403	-0.0761326
4.16	0.598643	-0.0760361
4.17	0.597884	-0.0759396
4.18	0.597125	-0.0758433
4.19	0.596368	-0.0757471
4.2	0.595611	-0.075651
4.21	0.594856	-0.075555
4.22	0.594101	-0.0754592
4.23	0.593347	-0.0753634
4.24	0.592595	-0.0752678
4.25	0.591843	-0.0751724
4.26	0.591092	-0.075077
4.27	0.590342	-0.0749818
4.28	0.589594	-0.0748866
4.29	0.588846	-0.0747917
4.3	0.588099	-0.0746968
4.31	0.587353	-0.074602
4.32	0.586608	-0.0745074
4.33	0.585863	-0.0744129
4.34	0.58512	-0.0743185
4.35	0.584378	-0.0742242
4.36	0.583637	-0.07413
4.37	0.582896	-0.074036
4.38	0.582157	-0.0739421
4.39	0.581418	-0.0738483
4.4	0.580681	-0.0737546
4.41	0.579944	-0.0736611
4.42	0.579209	-0.0735676
4.43	0.578474	-0.0734743
4.44	0.57774	-0.0733811
4.45	0.577007	-0.073288
4.46	0.576275	-0.073195
4.47	0.575544	-0.0731022
4.48	0.574814	-0.0730095
4.49	0.574085	-0.0729168
4.5	0.573357	-0.0728243
4.51	0.572629	-0.072732
4.52	0.571903	-0.0726397
4.53	0.571178	-0.0725476
4.54	0.570453	-0.0724555
4.55	0.569729	-0.0723636
4.56	0.569007	-0.0722718
4.57	0.568285	-0.0721801
4.58	0.567564	-0.0720886
4.59	0.566844	-0.0719971
4.6	0.566125	-0.0719058
4.61	0.565407	-0.0718146
4.62	0.56469	-0.0717235
4.63	0.563973	-0.0716325
4.64	0.563258	-0.0715416
4.65	0.562543	-0.0714509
4.66	0.56183	-0.0713602
4.67	0.561117	-0.0712697
4.68	0.560405	-0.0711793
4.69	0.559694	-0.071089
4.7	0.558984	-0.0709988
4.71	0.558275	-0.0709088
4.72	0.557567	-0.0708188
4.73	0.55686	-0.070729
4.74	0.556153	-0.0706393
4.75	0.555448	-0.0705497
4.76	0.554743	-0.0704602
4.77	0.55404	-0.0703708
4.78	0.553337	-0.0702815
4.79	0.552635	-0.0701924
4.8	0.551934	-0.0701033
4.81	0.551234	-0.0700144
4.82	0.550534	-0.0699256
4.83	0.549836	-0.0698369
4.84	0.549139	-0.0697483
4.85	0.548442	-0.0696598
4.86	0.547746	-0.0695714
4.87	0.547051	-0.0694832
4.88	0.546357	-0.069395
4.89	0.545664	-0.069307
4.9	0.544972	-0.0692191
4.91	0.544281	-0.0691313
4.92	0.54359	-0.0690436
4.93	0.542901	-0.068956
4.94	0.542212	-0.0688685
4.95	0.541524	-0.0687812
4.96	0.540837	-0.0686939
4.97	0.540151	-0.0686068
4.98	0.539466	-0.0685198
4.99	0.538782	-0.0684328
5	0.538098	-0.068346
5.01	0.537416	-0.0682593
5.02	0.536734	-0.0681727
5.03	0.536053	-0.0680863
5.04	0.535373	-0.0679999
5.05	0.534694	-0.0679136
5.06	0.534016	-0.0678275
5.07	0.533338	-0.0677414
5.08	0.532662	-0.0676555
5.09	0.531986	-0.0675697
5.1	0.531311	-0.067484
5.11	0.530637	-0.0673984
5.12	0.529964	-0.0673129
5.13	0.529292	-0.0672275
5.14	0.52862	-0.0671422
5.15	0.52795	-0.067057
5.16	0.52728	-0.066972
5.17	0.526611	-0.066887
5.18	0.525943	-0.0668022
5.19	0.525276	-0.0667174
5.2	0.52461	-0.0666328
5.21	0.523944	-0.0665483
5.22	0.52328	-0.0664638
5.23	0.522616	-0.0663795
5.24	0.521953	-0.0662953
5.25	0.521291	-0.0662112
5.26	0.52063	-0.0661272
5.27	0.519969	-0.0660434
5.28	0.519309	-0.0659596
5.29	0.518651	-0.0658759
5.3	0.517993	-0.0657923
5.31	0.517336	-0.0657089
5.32	0.516679	-0.0656255
5.33	0.516024	-0.0655423
5.34	0.515369	-0.0654591
5.35	0.514716	-0.0653761
5.36	0.514063	-0.0652932
5.37	0.513411	-0.0652103
5.38	0.512759	-0.0651276
5.39	0.512109	-0.065045
5.4	0.511459	-0.0649625
5.41	0.510811	-0.0648801
5.42	0.510163	-0.0647978
5.43	0.509515	-0.0647156
5.44	0.508869	-0.0646335
5.45	0.508224	-0.0645515
5.46	0.507579	-0.0644696
5.47	0.506935	-0.0643878
5.48	0.506292	-0.0643062
5.49	0.50565	-0.0642246
5.5	0.505008	-0.0641431
5.51	0.504368	-0.0640618
5.52	0.503728	-0.0639805
5.53	0.503089	-0.0638993
5.54	0.502451	-0.0638183
5.55	0.501813	-0.0637373
5.56	0.501177	-0.0636565
5.57	0.500541	-0.0635757
5.58	0.499906	-0.0634951
5.59	0.499272	-0.0634145
5.6	0.498638	-0.0633341
5.61	0.498006	-0.0632537
5.62	0.497374	-0.0631735
5.63	0.496743	-0.0630934
5.64	0.496113	-0.0630133
5.65	0.495484	-0.0629334
5.66	0.494855	-0.0628536
5.67	0.494228	-0.0627738
5.68	0.493601	-0.0626942
5.69	0.492974	-0.0626147
5.7	0.492349	-0.0625352
5.71	0.491725	-0.0624559
5.72	0.491101	-0.0623767
5.73	0.490478	-0.0622976
5.74	0.489856	-0.0622185
5.75	0.489234	-0.0621396
5.76	0.488614	-0.0620608
5.77	0.487994	-0.061982
5.78	0.487375	-0.0619034
5.79	0.486756	-0.0618249
5.8	0.486139	-0.0617465
5.81	0.485522	-0.0616681
5.82	0.484906	-0.0615899
5.83	0.484291	-0.0615118
5.84	0.483677	-0.0614338
5.85	0.483063	-0.0613558
5.86	0.482451	-0.061278
5.87	0.481839	-0.0612003
5.88	0.481227	-0.0611226
5.89	0.480617	-0.0610451
5.9	0.480007	-0.0609677
5.91	0.479398	-0.0608903
5.92	0.47879	-0.0608131
5.93	0.478183	-0.0607359
5.94	0.477576	-0.0606589
5.95	0.476971	-0.0605819
5.96	0.476365	-0.0605051
5.97	0.475761	-0.0604283
5.98	0.475158	-0.0603517
5.99	0.474555	-0.0602751
6	0.473953	-0.0601987
6.01	0.473352	-0.0601223
6.02	0.472751	-0.060046
6.03	0.472152	-0.0599699
6.04	0.471553	-0.0598938
6.05	0.470954	-0.0598178
6.06	0.470357	-0.0597419
6.07	0.46976	-0.0596661
6.08	0.469164	-0.0595905
6.09	0.468569	-0.0595149
6.1	0.467975	-0.0594394
6.11	0.467381	-0.059364
6.12	0.466788	-0.0592887
6.13	0.466196	-0.0592135
6.14	0.465605	-0.0591383
6.15	0.465014	-0.0590633
6.16	0.464424	-0.0589884
6.17	0.463835	-0.0589136
6.18	0.463247	-0.0588388
6.19	0.462659	-0.0587642
6.2	0.462072	-0.0586897
6.21	0.461486	-0.0586152
6.22	0.460901	-0.0585408
6.23	0.460316	-0.0584666
6.24	0.459732	-0.0583924
6.25	0.459149	-0.0583183
6.26	0.458566	-0.0582444
6.27	0.457985	-0.0581705
6.28	0.457404	-0.0580967
6.29	0.456824	-0.058023
6.3	0.456244	-0.0579494
6.31	0.455665	-0.0578759
6.32	0.455087	-0.0578025
6.33	0.45451	-0.0577291
6.34	0.453933	-0.0576559
6.35	0.453358	-0.0575828
6.36	0.452783	-0.0575097
6.37	0.452208	-0.0574368
6.38	0.451635	-0.0573639
6.39	0.451062	-0.0572911
6.4	0.450489	-0.0572185
6.41	0.449918	-0.0571459
6.42	0.449347	-0.0570734
6.43	0.448777	-0.057001
6.44	0.448208	-0.0569287
6.45	0.447639	-0.0568565
6.46	0.447072	-0.0567843
6.47	0.446504	-0.0567123
6.48	0.445938	-0.0566404
6.49	0.445372	-0.0565685
6.5	0.444807	-0.0564968
6.51	0.444243	-0.0564251
6.52	0.44368	-0.0563535
6.53	0.443117	-0.056282
6.54	0.442555	-0.0562106
6.55	0.441993	-0.0561393
6.56	0.441433	-0.0560681
6.57	0.440873	-0.055997
6.58	0.440313	-0.055926
6.59	0.439755	-0.055855
6.6	0.439197	-0.0557842
6.61	0.43864	-0.0557134
6.62	0.438083	-0.0556427
6.63	0.437528	-0.0555721
6.64	0.436973	-0.0555016
6.65	0.436418	-0.0554312
6.66	0.435865	-0.0553609
6.67	0.435312	-0.0552907
6.68	0.43476	-0.0552206
6.69	0.434208	-0.0551505
6.7	0.433657	-0.0550806
6.71	0.433107	-0.0550107
6.72	0.432558	-0.0549409
6.73	0.432009	-0.0548712
6.74	0.431461	-0.0548016
6.75	0.430914	-0.0547321
6.76	0.430367	-0.0546627
6.77	0.429821	-0.0545933
6.78	0.429276	-0.0545241
6.79	0.428731	-0.0544549
6.8	0.428188	-0.0543858
6.81	0.427644	-0.0543168
6.82	0.427102	-0.0542479
6.83	0.42656	-0.0541791
6.84	0.426019	-0.0541104
6.85	0.425479	-0.0540417
6.86	0.424939	-0.0539732
6.87	0.4244	-0.0539047
6.88	0.423861	-0.0538363
6.89	0.423324	-0.053768
6.9	0.422787	-0.0536998
6.91	0.42225	-0.0536317
6.92	0.421715	-0.0535637
6.93	0.42118	-0.0534957
6.94	0.420646	-0.0534279
6.95	0.420112	-0.0533601
6.96	0.419579	-0.0532924
6.97	0.419047	-0.0532248
6.98	0.418515	-0.0531573
6.99	0.417984	-0.0530899
7	0.417454	-0.0530225
7.01	0.416925	-0.0529553
7.02	0.416396	-0.0528881
7.03	0.415867	-0.052821
7.04	0.41534	-0.052754
7.05	0.414813	-0.0526871
7.06	0.414287	-0.0526202
7.07	0.413761	-0.0525535
7.08	0.413236	-0.0524868
7.09	0.412712	-0.0524202
7.1	0.412189	-0.0523537
7.11	0.411666	-0.0522873
7.12	0.411144	-0.052221
7.13	0.410622	-0.0521548
7.14	0.410101	-0.0520886
7.15	0.409581	-0.0520225
7.16	0.409061	-0.0519565
7.17	0.408542	-0.0518906
7.18	0.408024	-0.0518248
7.19	0.407507	-0.0517591
7.2	0.40699	-0.0516934
7.21	0.406473	-0.0516278
7.22	0.405958	-0.0515623
7.23	0.405443	-0.0514969
7.24	0.404929	-0.0514316
7.25	0.404415	-0.0513664
7.26	0.403902	-0.0513012
7.27	0.403389	-0.0512361
7.28	0.402878	-0.0511711
7.29	0.402367	-0.0511062
7.3	0.401856	-0.0510414
7.31	0.401347	-0.0509766
7.32	0.400837	-0.050912
7.33	0.400329	-0.0508474
7.34	0.399821	-0.0507829
7.35	0.399314	-0.0507185
7.36	0.398807	-0.0506541
7.37	0.398301	-0.0505899
7.38	0.397796	-0.0505257
7.39	0.397292	-0.0504616
7.4	0.396788	-0.0503976
7.41	0.396284	-0.0503337
7.42	0.395782	-0.0502698
7.43	0.39528	-0.050206
7.44	0.394778	-0.0501424
7.45	0.394277	-0.0500787
7.46	0.393777	-0.0500152
7.47	0.393278	-0.0499518
7.48	0.392779	-0.0498884
7.49	0.392281	-0.0498251
7.5	0.391783	-0.0497619
7.51	0.391286	-0.0496988
7.52	0.39079	-0.0496357
7.53	0.390294	-0.0495728
7.54	0.389799	-0.0495099
7.55	0.389304	-0.0494471
7.56	0.38881	-0.0493844
7.57	0.388317	-0.0493217
7.58	0.387825	-0.0492592
7.59	0.387333	-0.0491967
7.6	0.386841	-0.0491343
7.61	0.386351	-0.0490719
7.62	0.38586	-0.0490097
7.63	0.385371	-0.0489475
7.64	0.384882	-0.0488854
7.65	0.384394	-0.0488234
7.66	0.383906	-0.0487615
7.67	0.383419	-0.0486996
7.68	0.382933	-0.0486378
7.69	0.382447	-0.0485761
7.7	0.381962	-0.0485145
7.71	0.381477	-0.048453
7.72	0.380994	-0.0483915
7.73	0.38051	-0.0483301
7.74	0.380028	-0.0482688
7.75	0.379546	-0.0482076
7.76	0.379064	-0.0481464
7.77	0.378583	-0.0480854
7.78	0.378103	-0.0480244
7.79	0.377623	-0.0479635
7.8	0.377144	-0.0479026
7.81	0.376666	-0.0478418
7.82	0.376188	-0.0477812
7.83	0.375711	-0.0477205
7.84	0.375234	-0.04766
7.85	0.374758	-0.0475995
7.86	0.374283	-0.0475392
7.87	0.373808	-0.0474789
7.88	0.373334	-0.0474186
7.89	0.37286	-0.0473585
7.9	0.372387	-0.0472984
7.91	0.371915	-0.0472384
7.92	0.371443	-0.0471785
7.93	0.370972	-0.0471186
7.94	0.370501	-0.0470589
7.95	0.370031	-0.0469992
7.96	0.369562	-0.0469396
7.97	0.369093	-0.04688
7.98	0.368625	-0.0468205
7.99	0.368157	-0.0467611
8	0.36769	-0.0467018
8.01	0.367224	-0.0466426
8.02	0.366758	-0.0465834
8.03	0.366293	-0.0465243
8.04	0.365828	-0.0464653
8.05	0.365364	-0.0464064
8.06	0.364901	-0.0463475
8.07	0.364438	-0.0462887
8.08	0.363975	-0.04623
8.09	0.363514	-0.0461713
8.1	0.363053	-0.0461128
8.11	0.362592	-0.0460543
8.12	0.362132	-0.0459959
8.13	0.361673	-0.0459375
8.14	0.361214	-0.0458792
8.15	0.360756	-0.045821
8.16	0.360298	-0.0457629
8.17	0.359841	-0.0457049
8.18	0.359385	-0.0456469
8.19	0.358929	-0.045589
8.2	0.358473	-0.0455311
8.21	0.358019	-0.0454734
8.22	0.357565	-0.0454157
8.23	0.357111	-0.0453581
8.24	0.356658	-0.0453006
8.25	0.356205	-0.0452431
8.26	0.355754	-0.0451857
8.27	0.355302	-0.0451284
8.28	0.354852	-0.0450711
8.29	0.354401	-0.045014
8.3	0.353952	-0.0449569
8.31	0.353503	-0.0448998
8.32	0.353055	-0.0448429
8.33	0.352607	-0.044786
8.34	0.352159	-0.0447292
8.35	0.351713	-0.0446724
8.36	0.351266	-0.0446158
8.37	0.350821	-0.0445592
8.38	0.350376	-0.0445026
8.39	0.349931	-0.0444462
8.4	0.349487	-0.0443898
8.41	0.349044	-0.0443335
8.42	0.348601	-0.0442773
8.43	0.348159	-0.0442211
8.44	0.347718	-0.044165
8.45	0.347276	-0.044109
8.46	0.346836	-0.044053
8.47	0.346396	-0.0439971
8.48	0.345957	-0.0439413
8.49	0.345518	-0.0438856
8.5	0.345079	-0.0438299
8.51	0.344642	-0.0437743
8.52	0.344204	-0.0437188
8.53	0.343768	-0.0436633
8.54	0.343332	-0.0436079
8.55	0.342896	-0.0435526
8.56	0.342461	-0.0434974
8.57	0.342027	-0.0434422
8.58	0.341593	-0.0433871
8.59	0.34116	-0.0433321
8.6	0.340727	-0.0432771
8.61	0.340295	-0.0432222
8.62	0.339863	-0.0431674
8.63	0.339432	-0.0431126
8.64	0.339001	-0.0430579
8.65	0.338571	-0.0430033
8.66	0.338142	-0.0429487
8.67	0.337713	-0.0428943
8.68	0.337284	-0.0428398
8.69	0.336857	-0.0427855
8.7	0.336429	-0.0427312
8.71	0.336002	-0.042677
8.72	0.335576	-0.0426229
8.73	0.335151	-0.0425688
8.74	0.334725	-0.0425148
8.75	0.334301	-0.0424609
8.76	0.333877	-0.042407
8.77	0.333453	-0.0423532
8.78	0.33303	-0.0422995
8.79	0.332608	-0.0422458
8.8	0.332186	-0.0421922
8.81	0.331764	-0.0421387
8.82	0.331344	-0.0420853
8.83	0.330923	-0.0420319
8.84	0.330503	-0.0419786
8.85	0.330084	-0.0419253
8.86	0.329665	-0.0418721
8.87	0.329247	-0.041819
8.88	0.32883	-0.041766
8.89	0.328412	-0.041713
8.9	0.327996	-0.0416601
8.91	0.32758	-0.0416072
8.92	0.327164	-0.0415544
8.93	0.326749	-0.0415017
8.94	0.326335	-0.0414491
8.95	0.325921	-0.0413965
8.96	0.325507	-0.041344
8.97	0.325094	-0.0412915
8.98	0.324682	-0.0412392
8.99	0.32427	-0.0411869
9	0.323859	-0.0411346
9.01	0.323448	-0.0410824
9.02	0.323038	-0.0410303
9.03	0.322628	-0.0409783
9.04	0.322219	-0.0409263
9.05	0.32181	-0.0408744
9.06	0.321402	-0.0408225
9.07	0.320994	-0.0407707
9.08	0.320587	-0.040719
9.09	0.32018	-0.0406674
9.1	0.319774	-0.0406158
9.11	0.319368	-0.0405643
9.12	0.318963	-0.0405128
9.13	0.318559	-0.0404614
9.14	0.318154	-0.0404101
9.15	0.317751	-0.0403588
9.16	0.317348	-0.0403076
9.17	0.316945	-0.0402565
9.18	0.316543	-0.0402054
9.19	0.316142	-0.0401544
9.2	0.315741	-0.0401035
9.21	0.31534	-0.0400526
9.22	0.31494	-0.0400018
9.23	0.314541	-0.0399511
9.24	0.314142	-0.0399004
9.25	0.313743	-0.0398498
9.26	0.313345	-0.0397992
9.27	0.312948	-0.0397487
9.28	0.312551	-0.0396983
9.29	0.312154	-0.0396479
9.3	0.311758	-0.0395977
9.31	0.311363	-0.0395474
9.32	0.310968	-0.0394973
9.33	0.310573	-0.0394472
9.34	0.310179	-0.0393971
9.35	0.309786	-0.0393471
9.36	0.309393	-0.0392972
9.37	0.309	-0.0392474
9.38	0.308608	-0.0391976
9.39	0.308217	-0.0391479
9.4	0.307826	-0.0390982
9.41	0.307435	-0.0390486
9.42	0.307045	-0.0389991
9.43	0.306656	-0.0389496
9.44	0.306267	-0.0389002
9.45	0.305878	-0.0388508
9.46	0.30549	-0.0388016
9.47	0.305103	-0.0387523
9.48	0.304716	-0.0387032
9.49	0.304329	-0.0386541
9.5	0.303943	-0.0386051
9.51	0.303558	-0.0385561
9.52	0.303173	-0.0385072
9.53	0.302788	-0.0384583
9.54	0.302404	-0.0384095
9.55	0.30202	-0.0383608
9.56	0.301637	-0.0383122
9.57	0.301255	-0.0382636
9.58	0.300872	-0.038215
9.59	0.300491	-0.0381665
9.6	0.30011	-0.0381181
9.61	0.299729	-0.0380698
9.62	0.299349	-0.0380215
9.63	0.298969	-0.0379732
9.64	0.29859	-0.0379251
9.65	0.298211	-0.037877
9.66	0.297833	-0.0378289
9.67	0.297455	-0.0377809
9.68	0.297077	-0.037733
9.69	0.296701	-0.0376851
9.7	0.296324	-0.0376373
9.71	0.295948	-0.0375896
9.72	0.295573	-0.0375419
9.73	0.295198	-0.0374943
9.74	0.294824	-0.0374467
9.75	0.29445	-0.0373992
9.76	0.294076	-0.0373518
9.77	0.293703	-0.0373044
9.78	0.29333	-0.0372571
9.79	0.292958	-0.0372098
9.8	0.292587	-0.0371626
9.81	0.292216	-0.0371155
9.82	0.291845	-0.0370684
9.83	0.291475	-0.0370214
9.84	0.291105	-0.0369744
9.85	0.290736	-0.0369275
9.86	0.290367	-0.0368807
9.87	0.289998	-0.0368339
9.88	0.289631	-0.0367871
9.89	0.289263	-0.0367405
9.9	0.288896	-0.0366939
9.91	0.28853	-0.0366473
9.92	0.288164	-0.0366008
9.93	0.287798	-0.0365544
9.94	0.287433	-0.036508
9.95	0.287069	-0.0364617
9.96	0.286704	-0.0364155
9.97	0.286341	-0.0363693
9.98	0.285977	-0.0363231
9.99	0.285615	-0.0362771
10	0.285252	-0.036231
10.01	0.284891	-0.0361851
10.02	0.284529	-0.0361392
10.03	0.284168	-0.0360933
10.04	0.283808	-0.0360476
10.05	0.283448	-0.0360018
10.06	0.283088	-0.0359562
10.07	0.282729	-0.0359105
10.08	0.28237	-0.035865
10.09	0.282012	-0.0358195
10.1	0.281654	-0.0357741
10.11	0.281297	-0.0357287
10.12	0.28094	-0.0356834
10.13	0.280584	-0.0356381
10.14	0.280228	-0.0355929
10.15	0.279873	-0.0355477
10.16	0.279518	-0.0355026
10.17	0.279163	-0.0354576
10.18	0.278809	-0.0354126
10.19	0.278455	-0.0353677
10.2	0.278102	-0.0353228
10.21	0.277749	-0.035278
10.22	0.277397	-0.0352333
10.23	0.277045	-0.0351886
10.24	0.276693	-0.0351439
10.25	0.276342	-0.0350994
10.26	0.275992	-0.0350548
10.27	0.275642	-0.0350104
10.28	0.275292	-0.034966
10.29	0.274943	-0.0349216
10.3	0.274594	-0.0348773
10.31	0.274246	-0.0348331
10.32	0.273898	-0.0347889
10.33	0.273551	-0.0347447
10.34	0.273204	-0.0347007
10.35	0.272857	-0.0346567
10.36	0.272511	-0.0346127
10.37	0.272165	-0.0345688
10.38	0.27182	-0.0345249
10.39	0.271475	-0.0344811
10.4	0.271131	-0.0344374
10.41	0.270787	-0.0343937
10.42	0.270443	-0.0343501
10.43	0.2701	-0.0343065
10.44	0.269758	-0.034263
10.45	0.269415	-0.0342195
10.46	0.269074	-0.0341761
10.47	0.268732	-0.0341328
10.48	0.268391	-0.0340895
10.49	0.268051	-0.0340462
10.5	0.267711	-0.034003
10.51	0.267371	-0.0339599
10.52	0.267032	-0.0339168
10.53	0.266693	-0.0338738
10.54	0.266355	-0.0338308
10.55	0.266017	-0.0337879
10.56	0.26568	-0.033745
10.57	0.265343	-0.0337022
10.58	0.265006	-0.0336595
10.59	0.26467	-0.0336168
10.6	0.264334	-0.0335741
10.61	0.263999	-0.0335316
10.62	0.263664	-0.033489
10.63	0.26333	-0.0334465
10.64	0.262995	-0.0334041
10.65	0.262662	-0.0333617
10.66	0.262329	-0.0333194
10.67	0.261996	-0.0332772
10.68	0.261664	-0.0332349
10.69	0.261332	-0.0331928
10.7	0.261	-0.0331507
10.71	0.260669	-0.0331086
10.72	0.260338	-0.0330666
10.73	0.260008	-0.0330247
10.74	0.259678	-0.0329828
10.75	0.259349	-0.0329409
10.76	0.25902	-0.0328992
10.77	0.258691	-0.0328574
10.78	0.258363	-0.0328157
10.79	0.258035	-0.0327741
10.8	0.257708	-0.0327325
10.81	0.257381	-0.032691
10.82	0.257055	-0.0326495
10.83	0.256729	-0.0326081
10.84	0.256403	-0.0325668
10.85	0.256078	-0.0325255
10.86	0.255753	-0.0324842
10.87	0.255428	-0.032443
10.88	0.255104	-0.0324018
10.89	0.254781	-0.0323607
10.9	0.254458	-0.0323197
10.91	0.254135	-0.0322787
10.92	0.253812	-0.0322377
10.93	0.25349	-0.0321968
10.94	0.253169	-0.032156
10.95	0.252848	-0.0321152
10.96	0.252527	-0.0320745
10.97	0.252207	-0.0320338
10.98	0.251887	-0.0319931
10.99	0.251567	-0.0319526
11	0.251248	-0.031912
11.01	0.250929	-0.0318715
11.02	0.250611	-0.0318311
11.03	0.250293	-0.0317907
11.04	0.249976	-0.0317504
11.05	0.249659	-0.0317101
11.06	0.249342	-0.0316699
11.07	0.249026	-0.0316297
11.08	0.24871	-0.0315896
11.09	0.248394	-0.0315495
11.1	0.248079	-0.0315095
11.11	0.247764	-0.0314695
11.12	0.24745	-0.0314296
11.13	0.247136	-0.0313898
11.14	0.246823	-0.0313499
11.15	0.24651	-0.0313102
11.16	0.246197	-0.0312705
11.17	0.245885	-0.0312308
11.18	0.245573	-0.0311912
11.19	0.245261	-0.0311516
11.2	0.24495	-0.0311121
11.21	0.244639	-0.0310726
11.22	0.244329	-0.0310332
11.23	0.244019	-0.0309938
11.24	0.243709	-0.0309545
11.25	0.2434	-0.0309153
11.26	0.243092	-0.030876
11.27	0.242783	-0.0308369
11.28	0.242475	-0.0307978
11.29	0.242168	-0.0307587
11.3	0.24186	-0.0307197
11.31	0.241554	-0.0306807
11.32	0.241247	-0.0306418
11.33	0.240941	-0.0306029
11.34	0.240636	-0.0305641
11.35	0.24033	-0.0305253
11.36	0.240025	-0.0304866
11.37	0.239721	-0.0304479
11.38	0.239417	-0.0304093
11.39	0.239113	-0.0303707
11.4	0.23881	-0.0303322
11.41	0.238507	-0.0302937
11.42	0.238204	-0.0302553
11.43	0.237902	-0.0302169
11.44	0.2376	-0.0301786
11.45	0.237299	-0.0301403
11.46	0.236998	-0.0301021
11.47	0.236697	-0.0300639
11.48	0.236397	-0.0300257
11.49	0.236097	-0.0299877
11.5	0.235798	-0.0299496
11.51	0.235499	-0.0299116
11.52	0.2352	-0.0298737
11.53	0.234901	-0.0298358
11.54	0.234603	-0.0297979
11.55	0.234306	-0.0297601
11.56	0.234009	-0.0297224
11.57	0.233712	-0.0296847
11.58	0.233415	-0.029647
11.59	0.233119	-0.0296094
11.6	0.232824	-0.0295719
11.61	0.232528	-0.0295343
11.62	0.232233	-0.0294969
11.63	0.231939	-0.0294595
11.64	0.231644	-0.0294221
11.65	0.231351	-0.0293848
11.66	0.231057	-0.0293475
11.67	0.230764	-0.0293103
11.68	0.230471	-0.0292731
11.69	0.230179	-0.0292359
11.7	0.229887	-0.0291989
11.71	0.229595	-0.0291618
11.72	0.229304	-0.0291248
11.73	0.229013	-0.0290879
11.74	0.228723	-0.029051
11.75	0.228433	-0.0290141
11.76	0.228143	-0.0289773
11.77	0.227853	-0.0289406
11.78	0.227564	-0.0289039
11.79	0.227276	-0.0288672
11.8	0.226987	-0.0288306
11.81	0.226699	-0.028794
11.82	0.226412	-0.0287575
11.83	0.226125	-0.028721
11.84	0.225838	-0.0286846
11.85	0.225551	-0.0286482
11.86	0.225265	-0.0286118
11.87	0.224979	-0.0285755
11.88	0.224694	-0.0285393
11.89	0.224409	-0.0285031
11.9	0.224124	-0.0284669
11.91	0.22384	-0.0284308
11.92	0.223556	-0.0283948
11.93	0.223272	-0.0283587
11.94	0.222989	-0.0283228
11.95	0.222706	-0.0282868
11.96	0.222424	-0.0282509
11.97	0.222142	-0.0282151
11.98	0.22186	-0.0281793
11.99	0.221578	-0.0281436
12	0.221297	-0.0281079
12.01	0.221017	-0.0280722
12.02	0.220736	-0.0280366
12.03	0.220456	-0.028001
12.04	0.220177	-0.0279655
12.05	0.219897	-0.02793
12.06	0.219618	-0.0278946
12.07	0.21934	-0.0278592
12.08	0.219062	-0.0278239
12.09	0.218784	-0.0277886
12.1	0.218506	-0.0277533
12.11	0.218229	-0.0277181
12.12	0.217952	-0.027683
12.13	0.217676	-0.0276479
12.14	0.2174	-0.0276128
12.15	0.217124	-0.0275778
12.16	0.216848	-0.0275428
12.17	0.216573	-0.0275078
12.18	0.216299	-0.0274729
12.19	0.216024	-0.0274381
12.2	0.21575	-0.0274033
12.21	0.215476	-0.0273685
12.22	0.215203	-0.0273338
12.23	0.21493	-0.0272991
12.24	0.214657	-0.0272645
12.25	0.214385	-0.0272299
12.26	0.214113	-0.0271954
12.27	0.213842	-0.0271609
12.28	0.21357	-0.0271264
12.29	0.213299	-0.027092
12.3	0.213029	-0.0270576
12.31	0.212759	-0.0270233
12.32	0.212489	-0.026989
12.33	0.212219	-0.0269548
12.34	0.21195	-0.0269206
12.35	0.211681	-0.0268865
12.36	0.211413	-0.0268524
12.37	0.211144	-0.0268183
12.38	0.210877	-0.0267843
12.39	0.210609	-0.0267503
12.4	0.210342	-0.0267164
12.41	0.210075	-0.0266825
12.42	0.209809	-0.0266486
12.43	0.209542	-0.0266148
12.44	0.209277	-0.0265811
12.45	0.209011	-0.0265473
12.46	0.208746	-0.0265137
12.47	0.208481	-0.02648
12.48	0.208217	-0.0264464
12.49	0.207953	-0.0264129
12.5	0.207689	-0.0263794
12.51	0.207425	-0.0263459
12.52	0.207162	-0.0263125
12.53	0.206899	-0.0262791
12.54	0.206637	-0.0262458
12.55	0.206375	-0.0262125
12.56	0.206113	-0.0261792
12.57	0.205852	-0.026146
12.58	0.20559	-0.0261129
12.59	0.20533	-0.0260797
12.6	0.205069	-0.0260467
12.61	0.204809	-0.0260136
12.62	0.204549	-0.0259806
12.63	0.20429	-0.0259477
12.64	0.204031	-0.0259147
12.65	0.203772	-0.0258819
12.66	0.203513	-0.025849
12.67	0.203255	-0.0258163
12.68	0.202997	-0.0257835
12.69	0.20274	-0.0257508
12.7	0.202483	-0.0257181
12.71	0.202226	-0.0256855
12.72	0.201969	-0.0256529
12.73	0.201713	-0.0256204
12.74	0.201457	-0.0255879
12.75	0.201202	-0.0255554
12.76	0.200946	-0.025523
12.77	0.200691	-0.0254906
12.78	0.200437	-0.0254583
12.79	0.200183	-0.025426
12.8	0.199929	-0.0253937
12.81	0.199675	-0.0253615
12.82	0.199422	-0.0253294
12.83	0.199169	-0.0252972
12.84	0.198916	-0.0252651
12.85	0.198664	-0.0252331
12.86	0.198412	-0.0252011
12.87	0.19816	-0.0251691
12.88	0.197909	-0.0251372
12.89	0.197658	-0.0251053
12.9	0.197407	-0.0250735
12.91	0.197157	-0.0250416
12.92	0.196906	-0.0250099
12.93	0.196657	-0.0249782
12.94	0.196407	-0.0249465
12.95	0.196158	-0.0249148
12.96	0.195909	-0.0248832
12.97	0.195661	-0.0248517
12.98	0.195413	-0.0248201
12.99	0.195165	-0.0247886
13	0.194917	-0.0247572
13.01	0.19467	-0.0247258
13.02	0.194423	-0.0246944
13.03	0.194176	-0.0246631
13.04	0.19393	-0.0246318
13.05	0.193684	-0.0246006
13.06	0.193438	-0.0245694
13.07	0.193193	-0.0245382
13.08	0.192948	-0.0245071
13.09	0.192703	-0.024476
13.1	0.192459	-0.0244449
13.11	0.192214	-0.0244139
13.12	0.191971	-0.024383
13.13	0.191727	-0.024352
13.14	0.191484	-0.0243211
13.15	0.191241	-0.0242903
13.16	0.190998	-0.0242595
13.17	0.190756	-0.0242287
13.18	0.190514	-0.024198
13.19	0.190272	-0.0241673
13.2	0.190031	-0.0241366
13.21	0.18979	-0.024106
13.22	0.189549	-0.0240754
13.23	0.189309	-0.0240449
13.24	0.189069	-0.0240144
13.25	0.188829	-0.0239839
13.26	0.188589	-0.0239535
13.27	0.18835	-0.0239231
13.28	0.188111	-0.0238927
13.29	0.187872	-0.0238624
13.3	0.187634	-0.0238322
13.31	0.187396	-0.0238019
13.32	0.187158	-0.0237717
13.33	0.186921	-0.0237416
13.34	0.186684	-0.0237115
13.35	0.186447	-0.0236814
13.36	0.186211	-0.0236513
13.37	0.185974	-0.0236213
13.38	0.185738	-0.0235914
13.39	0.185503	-0.0235615
13.4	0.185267	-0.0235316
13.41	0.185032	-0.0235017
13.42	0.184798	-0.0234719
13.43	0.184563	-0.0234421
13.44	0.184329	-0.0234124
13.45	0.184095	-0.0233827
13.46	0.183862	-0.023353
13.47	0.183629	-0.0233234
13.48	0.183396	-0.0232938
13.49	0.183163	-0.0232643
13.5	0.182931	-0.0232348
13.51	0.182699	-0.0232053
13.52	0.182467	-0.0231759
13.53	0.182235	-0.0231465
13.54	0.182004	-0.0231171
13.55	0.181773	-0.0230878
13.56	0.181543	-0.0230585
13.57	0.181312	-0.0230292
13.58	0.181082	-0.023
13.59	0.180853	-0.0229708
13.6	0.180623	-0.0229417
13.61	0.180394	-0.0229126
13.62	0.180165	-0.0228835
13.63	0.179937	-0.0228545
13.64	0.179709	-0.0228255
13.65	0.179481	-0.0227966
13.66	0.179253	-0.0227676
13.67	0.179026	-0.0227388
13.68	0.178798	-0.0227099
13.69	0.178572	-0.0226811
13.7	0.178345	-0.0226523
13.71	0.178119	-0.0226236
13.72	0.177893	-0.0225949
13.73	0.177667	-0.0225662
13.74	0.177442	-0.0225376
13.75	0.177217	-0.022509
13.76	0.176992	-0.0224805
13.77	0.176768	-0.0224519
13.78	0.176543	-0.0224235
13.79	0.176319	-0.022395
13.8	0.176096	-0.0223666
13.81	0.175872	-0.0223382
13.82	0.175649	-0.0223099
13.83	0.175426	-0.0222816
13.84	0.175204	-0.0222533
13.85	0.174982	-0.0222251
13.86	0.17476	-0.0221969
13.87	0.174538	-0.0221688
13.88	0.174317	-0.0221406
13.89	0.174095	-0.0221126
13.9	0.173875	-0.0220845
13.91	0.173654	-0.0220565
13.92	0.173434	-0.0220285
13.93	0.173214	-0.0220006
13.94	0.172994	-0.0219727
13.95	0.172775	-0.0219448
13.96	0.172555	-0.0219169
13.97	0.172336	-0.0218891
13.98	0.172118	-0.0218614
13.99	0.171899	-0.0218336
14	0.171681	-0.0218059
14.01	0.171464	-0.0217783
14.02	0.171246	-0.0217507
14.03	0.171029	-0.0217231
14.04	0.170812	-0.0216955
14.05	0.170595	-0.021668
14.06	0.170379	-0.0216405
14.07	0.170163	-0.0216131
14.08	0.169947	-0.0215856
14.09	0.169731	-0.0215583
14.1	0.169516	-0.0215309
14.11	0.169301	-0.0215036
14.12	0.169086	-0.0214763
14.13	0.168872	-0.0214491
14.14	0.168657	-0.0214219
14.15	0.168444	-0.0213947
14.16	0.16823	-0.0213676
14.17	0.168016	-0.0213404
14.18	0.167803	-0.0213134
14.19	0.16759	-0.0212863
14.2	0.167378	-0.0212593
14.21	0.167166	-0.0212324
14.22	0.166953	-0.0212054
14.23	0.166742	-0.0211785
14.24	0.16653	-0.0211517
14.25	0.166319	-0.0211248
14.26	0.166108	-0.021098
14.27	0.165897	-0.0210713
14.28	0.165687	-0.0210445
14.29	0.165477	-0.0210178
14.3	0.165267	-0.0209912
14.31	0.165057	-0.0209646
14.32	0.164848	-0.020938
14.33	0.164639	-0.0209114
14.34	0.16443	-0.0208849
14.35	0.164221	-0.0208584
14.36	0.164013	-0.0208319
14.37	0.163805	-0.0208055
14.38	0.163597	-0.0207791
14.39	0.163389	-0.0207527
14.4	0.163182	-0.0207264
14.41	0.162975	-0.0207001
14.42	0.162768	-0.0206739
14.43	0.162562	-0.0206476
14.44	0.162356	-0.0206215
14.45	0.16215	-0.0205953
14.46	0.161944	-0.0205692
14.47	0.161739	-0.0205431
14.48	0.161534	-0.020517
14.49	0.161329	-0.020491
14.5	0.161124	-0.020465
14.51	0.16092	-0.020439
14.52	0.160715	-0.0204131
14.53	0.160512	-0.0203872
14.54	0.160308	-0.0203614
14.55	0.160105	-0.0203355
14.56	0.159901	-0.0203097
14.57	0.159699	-0.020284
14.58	0.159496	-0.0202582
14.59	0.159294	-0.0202325
14.6	0.159092	-0.0202069
14.61	0.15889	-0.0201812
14.62	0.158688	-0.0201556
14.63	0.158487	-0.0201301
14.64	0.158286	-0.0201045
14.65	0.158085	-0.020079
14.66	0.157885	-0.0200536
14.67	0.157684	-0.0200281
14.68	0.157484	-0.0200027
14.69	0.157285	-0.0199773
14.7	0.157085	-0.019952
14.71	0.156886	-0.0199267
14.72	0.156687	-0.0199014
14.73	0.156488	-0.0198762
14.74	0.156289	-0.019851
14.75	0.156091	-0.0198258
14.76	0.155893	-0.0198006
14.77	0.155695	-0.0197755
14.78	0.155498	-0.0197504
14.79	0.155301	-0.0197254
14.8	0.155104	-0.0197003
14.81	0.154907	-0.0196754
14.82	0.15471	-0.0196504
14.83	0.154514	-0.0196255
14.84	0.154318	-0.0196006
14.85	0.154122	-0.0195757
14.86	0.153927	-0.0195509
14.87	0.153732	-0.0195261
14.88	0.153537	-0.0195013
14.89	0.153342	-0.0194766
14.9	0.153147	-0.0194519
14.91	0.152953	-0.0194272
14.92	0.152759	-0.0194025
14.93	0.152565	-0.0193779
14.94	0.152372	-0.0193533
14.95	0.152178	-0.0193288
14.96	0.151985	-0.0193043
14.97	0.151793	-0.0192798
14.98	0.1516	-0.0192553
14.99	0.151408	-0.0192309
15	0.151216	-0.0192065
15.01	0.151024	-0.0191821
15.02	0.150832	-0.0191578
15.03	0.150641	-0.0191335
15.04	0.15045	-0.0191092
15.05	0.150259	-0.019085
15.06	0.150068	-0.0190608
15.07	0.149878	-0.0190366
15.08	0.149688	-0.0190125
15.09	0.149498	-0.0189883
15.1	0.149308	-0.0189643
15.11	0.149119	-0.0189402
15.12	0.14893	-0.0189162
15.13	0.148741	-0.0188922
15.14	0.148552	-0.0188682
15.15	0.148364	-0.0188443
15.16	0.148176	-0.0188204
15.17	0.147988	-0.0187965
15.18	0.1478	-0.0187727
15.19	0.147612	-0.0187488
15.2	0.147425	-0.0187251
15.21	0.147238	-0.0187013
15.22	0.147051	-0.0186776
15.23	0.146865	-0.0186539
15.24	0.146679	-0.0186302
15.25	0.146492	-0.0186066
15.26	0.146307	-0.018583
15.27	0.146121	-0.0185594
15.28	0.145936	-0.0185359
15.29	0.145751	-0.0185124
15.3	0.145566	-0.0184889
15.31	0.145381	-0.0184654
15.32	0.145197	-0.018442
15.33	0.145012	-0.0184186
15.34	0.144828	-0.0183952
15.35	0.144645	-0.0183719
15.36	0.144461	-0.0183486
15.37	0.144278	-0.0183253
15.38	0.144095	-0.0183021
15.39	0.143912	-0.0182789
15.4	0.14373	-0.0182557
15.41	0.143547	-0.0182325
15.42	0.143365	-0.0182094
15.43	0.143183	-0.0181863
15.44	0.143002	-0.0181632
15.45	0.14282	-0.0181402
15.46	0.142639	-0.0181172
15.47	0.142458	-0.0180942
15.48	0.142277	-0.0180712
15.49	0.142097	-0.0180483
15.5	0.141917	-0.0180254
15.51	0.141737	-0.0180025
15.52	0.141557	-0.0179797
15.53	0.141377	-0.0179569
15.54	0.141198	-0.0179341
15.55	0.141019	-0.0179114
15.56	0.14084	-0.0178887
15.57	0.140661	-0.017866
15.58	0.140483	-0.0178433
15.59	0.140305	-0.0178207
15.6	0.140127	-0.0177981
15.61	0.139949	-0.0177755
15.62	0.139771	-0.0177529
15.63	0.139594	-0.0177304
15.64	0.139417	-0.0177079
15.65	0.13924	-0.0176855
15.66	0.139064	-0.017663
15.67	0.138887	-0.0176406
15.68	0.138711	-0.0176182
15.69	0.138535	-0.0175959
15.7	0.138359	-0.0175736
15.71	0.138184	-0.0175513
15.72	0.138008	-0.017529
15.73	0.137833	-0.0175068
15.74	0.137659	-0.0174846
15.75	0.137484	-0.0174624
15.76	0.13731	-0.0174402
15.77	0.137135	-0.0174181
15.78	0.136961	-0.017396
15.79	0.136788	-0.0173739
15.8	0.136614	-0.0173519
15.81	0.136441	-0.0173299
15.82	0.136268	-0.0173079
15.83	0.136095	-0.017286
15.84	0.135922	-0.017264
15.85	0.13575	-0.0172421
15.86	0.135578	-0.0172203
15.87	0.135406	-0.0171984
15.88	0.135234	-0.0171766
15.89	0.135062	-0.0171548
15.9	0.134891	-0.017133
15.91	0.13472	-0.0171113
15.92	0.134549	-0.0170896
15.93	0.134378	-0.0170679
15.94	0.134208	-0.0170463
15.95	0.134038	-0.0170247
15.96	0.133868	-0.0170031
15.97	0.133698	-0.0169815
15.98	0.133528	-0.0169599
15.99	0.133359	-0.0169384
16	0.13319	-0.0169169
16.01	0.133021	-0.0168955
16.02	0.132852	-0.0168741
16.03	0.132683	-0.0168527
16.04	0.132515	-0.0168313
16.05	0.132347	-0.0168099
16.06	0.132179	-0.0167886
16.07	0.132011	-0.0167673
16.08	0.131844	-0.016746
16.09	0.131677	-0.0167248
16.1	0.13151	-0.0167036
16.11	0.131343	-0.0166824
16.12	0.131176	-0.0166612
16.13	0.13101	-0.0166401
16.14	0.130844	-0.016619
16.15	0.130678	-0.0165979
16.16	0.130512	-0.0165768
16.17	0.130346	-0.0165558
16.18	0.130181	-0.0165348
16.19	0.130016	-0.0165138
16.2	0.129851	-0.0164929
16.21	0.129686	-0.016472
16.22	0.129522	-0.0164511
16.23	0.129357	-0.0164302
16.24	0.129193	-0.0164094
16.25	0.129029	-0.0163885
16.26	0.128866	-0.0163678
16.27	0.128702	-0.016347
16.28	0.128539	-0.0163263
16.29	0.128376	-0.0163055
16.3	0.128213	-0.0162849
16.31	0.12805	-0.0162642
16.32	0.127888	-0.0162436
16.33	0.127726	-0.016223
16.34	0.127564	-0.0162024
16.35	0.127402	-0.0161818
16.36	0.12724	-0.0161613
16.37	0.127079	-0.0161408
16.38	0.126918	-0.0161203
16.39	0.126757	-0.0160999
16.4	0.126596	-0.0160795
16.41	0.126435	-0.0160591
16.42	0.126275	-0.0160387
16.43	0.126115	-0.0160183
16.44	0.125955	-0.015998
16.45	0.125795	-0.0159777
16.46	0.125635	-0.0159575
16.47	0.125476	-0.0159372
16.48	0.125317	-0.015917
16.49	0.125158	-0.0158968
16.5	0.124999	-0.0158766
16.51	0.124841	-0.0158565
16.52	0.124682	-0.0158364
16.53	0.124524	-0.0158163
16.54	0.124366	-0.0157962
16.55	0.124208	-0.0157762
16.56	0.124051	-0.0157562
16.57	0.123893	-0.0157362
16.58	0.123736	-0.0157162
16.59	0.123579	-0.0156963
16.6	0.123423	-0.0156764
16.61	0.123266	-0.0156565
16.62	0.12311	-0.0156366
16.63	0.122953	-0.0156168
16.64	0.122797	-0.015597
16.65	0.122642	-0.0155772
16.66	0.122486	-0.0155575
16.67	0.122331	-0.0155377
16.68	0.122176	-0.015518
16.69	0.122021	-0.0154983
16.7	0.121866	-0.0154787
16.71	0.121711	-0.015459
16.72	0.121557	-0.0154394
16.73	0.121403	-0.0154198
16.74	0.121249	-0.0154003
16.75	0.121095	-0.0153807
16.76	0.120941	-0.0153612
16.77	0.120788	-0.0153417
16.78	0.120635	-0.0153223
16.79	0.120482	-0.0153028
16.8	0.120329	-0.0152834
16.81	0.120176	-0.015264
16.82	0.120024	-0.0152447
16.83	0.119871	-0.0152253
16.84	0.119719	-0.015206
16.85	0.119567	-0.0151867
16.86	0.119416	-0.0151675
16.87	0.119264	-0.0151482
16.88	0.119113	-0.015129
16.89	0.118962	-0.0151098
16.9	0.118811	-0.0150907
16.91	0.11866	-0.0150715
16.92	0.11851	-0.0150524
16.93	0.118359	-0.0150333
16.94	0.118209	-0.0150142
16.95	0.118059	-0.0149952
16.96	0.11791	-0.0149762
16.97	0.11776	-0.0149572
16.98	0.117611	-0.0149382
16.99	0.117461	-0.0149192
17	0.117312	-0.0149003
17.01	0.117164	-0.0148814
17.02	0.117015	-0.0148625
17.03	0.116867	-0.0148437
17.04	0.116718	-0.0148249
17.05	0.11657	-0.014806
17.06	0.116422	-0.0147873
17.07	0.116275	-0.0147685
17.08	0.116127	-0.0147498
17.09	0.11598	-0.0147311
17.1	0.115833	-0.0147124
17.11	0.115686	-0.0146937
17.12	0.115539	-0.0146751
17.13	0.115392	-0.0146565
17.14	0.115246	-0.0146379
17.15	0.1151	-0.0146193
17.16	0.114954	-0.0146008
17.17	0.114808	-0.0145822
17.18	0.114662	-0.0145637
17.19	0.114517	-0.0145453
17.2	0.114372	-0.0145268
17.21	0.114227	-0.0145084
17.22	0.114082	-0.01449
17.23	0.113937	-0.0144716
17.24	0.113792	-0.0144532
17.25	0.113648	-0.0144349
17.26	0.113504	-0.0144166
17.27	0.11336	-0.0143983
17.28	0.113216	-0.01438
17.29	0.113073	-0.0143618
17.3	0.112929	-0.0143436
17.31	0.112786	-0.0143254
17.32	0.112643	-0.0143072
17.33	0.1125	-0.0142891
17.34	0.112357	-0.0142709
17.35	0.112215	-0.0142528
17.36	0.112072	-0.0142348
17.37	0.11193	-0.0142167
17.38	0.111788	-0.0141987
17.39	0.111646	-0.0141807
17.4	0.111505	-0.0141627
17.41	0.111363	-0.0141447
17.42	0.111222	-0.0141268
17.43	0.111081	-0.0141088
17.44	0.11094	-0.0140909
17.45	0.110799	-0.0140731
17.46	0.110659	-0.0140552
17.47	0.110518	-0.0140374
17.48	0.110378	-0.0140196
17.49	0.110238	-0.0140018
17.5	0.110098	-0.013984
17.51	0.109959	-0.0139663
17.52	0.109819	-0.0139486
17.53	0.10968	-0.0139309
17.54	0.109541	-0.0139132
17.55	0.109402	-0.0138956
17.56	0.109263	-0.0138779
17.57	0.109124	-0.0138603
17.58	0.108986	-0.0138427
17.59	0.108848	-0.0138252
17.6	0.10871	-0.0138076
17.61	0.108572	-0.0137901
17.62	0.108434	-0.0137726
17.63	0.108296	-0.0137552
17.64	0.108159	-0.0137377
17.65	0.108022	-0.0137203
17.66	0.107885	-0.0137029
17.67	0.107748	-0.0136855
17.68	0.107611	-0.0136681
17.69	0.107475	-0.0136508
17.7	0.107338	-0.0136335
17.71	0.107202	-0.0136162
17.72	0.107066	-0.0135989
17.73	0.10693	-0.0135817
17.74	0.106795	-0.0135644
17.75	0.106659	-0.0135472
17.76	0.106524	-0.01353
17.77	0.106389	-0.0135129
17.78	0.106254	-0.0134957
17.79	0.106119	-0.0134786
17.8	0.105985	-0.0134615
17.81	0.10585	-0.0134445
17.82	0.105716	-0.0134274
17.83	0.105582	-0.0134104
17.84	0.105448	-0.0133934
17.85	0.105314	-0.0133764
17.86	0.10518	-0.0133594
17.87	0.105047	-0.0133424
17.88	0.104914	-0.0133255
17.89	0.104781	-0.0133086
17.9	0.104648	-0.0132917
17.91	0.104515	-0.0132749
17.92	0.104382	-0.013258
17.93	0.10425	-0.0132412
17.94	0.104118	-0.0132244
17.95	0.103986	-0.0132076
17.96	0.103854	-0.0131909
17.97	0.103722	-0.0131742
17.98	0.103591	-0.0131574
17.99	0.103459	-0.0131408
18	0.103328	-0.0131241
18.01	0.103197	-0.0131074
18.02	0.103066	-0.0130908
18.03	0.102935	-0.0130742
18.04	0.102805	-0.0130576
18.05	0.102674	-0.0130411
18.06	0.102544	-0.0130245
18.07	0.102414	-0.013008
18.08	0.102284	-0.0129915
18.09	0.102154	-0.012975
18.1	0.102025	-0.0129585
18.11	0.101895	-0.0129421
18.12	0.101766	-0.0129257
18.13	0.101637	-0.0129093
18.14	0.101508	-0.0128929
18.15	0.101379	-0.0128766
18.16	0.10125	-0.0128602
18.17	0.101122	-0.0128439
18.18	0.100994	-0.0128276
18.19	0.100866	-0.0128114
18.2	0.100738	-0.0127951
18.21	0.10061	-0.0127789
18.22	0.100482	-0.0127627
18.23	0.100355	-0.0127465
18.24	0.100228	-0.0127303
18.25	0.1001	-0.0127142
18.26	0.0999734	-0.012698
18.27	0.0998466	-0.0126819
18.28	0.0997199	-0.0126658
18.29	0.0995934	-0.0126498
18.3	0.0994671	-0.0126337
18.31	0.0993409	-0.0126177
18.32	0.0992149	-0.0126017
18.33	0.099089	-0.0125857
18.34	0.0989634	-0.0125697
18.35	0.0988378	-0.0125538
18.36	0.0987124	-0.0125379
18.37	0.0985872	-0.012522
18.38	0.0984622	-0.0125061
18.39	0.0983373	-0.0124902
18.4	0.0982125	-0.0124744
18.41	0.0980879	-0.0124585
18.42	0.0979635	-0.0124427
18.43	0.0978392	-0.012427
18.44	0.0977151	-0.0124112
18.45	0.0975912	-0.0123954
18.46	0.0974674	-0.0123797
18.47	0.0973437	-0.012364
18.48	0.0972202	-0.0123483
18.49	0.0970969	-0.0123327
18.5	0.0969737	-0.012317
18.51	0.0968507	-0.0123014
18.52	0.0967279	-0.0122858
18.53	0.0966052	-0.0122702
18.54	0.0964826	-0.0122546
18.55	0.0963602	-0.0122391
18.56	0.096238	-0.0122236
18.57	0.0961159	-0.0122081
18.58	0.095994	-0.0121926
18.59	0.0958722	-0.0121771
18.6	0.0957506	-0.0121617
18.61	0.0956291	-0.0121462
18.62	0.0955078	-0.0121308
18.63	0.0953867	-0.0121154
18.64	0.0952657	-0.0121001
18.65	0.0951448	-0.0120847
18.66	0.0950241	-0.0120694
18.67	0.0949036	-0.0120541
18.68	0.0947832	-0.0120388
18.69	0.094663	-0.0120235
18.7	0.0945429	-0.0120083
18.71	0.094423	-0.011993
18.72	0.0943032	-0.0119778
18.73	0.0941836	-0.0119626
18.74	0.0940641	-0.0119475
18.75	0.0939448	-0.0119323
18.76	0.0938256	-0.0119172
18.77	0.0937066	-0.011902
18.78	0.0935877	-0.0118869
18.79	0.093469	-0.0118719
18.8	0.0933504	-0.0118568
18.81	0.093232	-0.0118418
18.82	0.0931137	-0.0118267
18.83	0.0929956	-0.0118117
18.84	0.0928776	-0.0117968
18.85	0.0927598	-0.0117818
18.86	0.0926422	-0.0117669
18.87	0.0925246	-0.0117519
18.88	0.0924073	-0.011737
18.89	0.09229	-0.0117221
18.9	0.092173	-0.0117073
18.91	0.092056	-0.0116924
18.92	0.0919393	-0.0116776
18.93	0.0918226	-0.0116628
18.94	0.0917062	-0.011648
18.95	0.0915898	-0.0116332
18.96	0.0914736	-0.0116184
18.97	0.0913576	-0.0116037
18.98	0.0912417	-0.011589
18.99	0.091126	-0.0115743
19	0.0910104	-0.0115596
19.01	0.0908949	-0.0115449
19.02	0.0907796	-0.0115303
19.03	0.0906645	-0.0115157
19.04	0.0905495	-0.0115011
19.05	0.0904346	-0.0114865
19.06	0.0903199	-0.0114719
19.07	0.0902053	-0.0114573
19.08	0.0900909	-0.0114428
19.09	0.0899766	-0.0114283
19.1	0.0898625	-0.0114138
19.11	0.0897485	-0.0113993
19.12	0.0896346	-0.0113849
19.13	0.0895209	-0.0113704
19.14	0.0894073	-0.011356
19.15	0.0892939	-0.0113416
19.16	0.0891807	-0.0113272
19.17	0.0890675	-0.0113128
19.18	0.0889545	-0.0112985
19.19	0.0888417	-0.0112841
19.2	0.088729	-0.0112698
19.21	0.0886165	-0.0112555
19.22	0.088504	-0.0112413
19.23	0.0883918	-0.011227
19.24	0.0882796	-0.0112128
19.25	0.0881677	-0.0111985
19.26	0.0880558	-0.0111843
19.27	0.0879441	-0.0111701
19.28	0.0878326	-0.011156
19.29	0.0877211	-0.0111418
19.3	0.0876099	-0.0111277
19.31	0.0874987	-0.0111136
19.32	0.0873877	-0.0110995
19.33	0.0872769	-0.0110854
19.34	0.0871662	-0.0110713
19.35	0.0870556	-0.0110573
19.36	0.0869452	-0.0110433
19.37	0.0868349	-0.0110292
19.38	0.0867247	-0.0110153
19.39	0.0866147	-0.0110013
19.4	0.0865048	-0.0109873
19.41	0.0863951	-0.0109734
19.42	0.0862855	-0.0109595
19.43	0.086176	-0.0109456
19.44	0.0860667	-0.0109317
19.45	0.0859575	-0.0109178
19.46	0.0858485	-0.010904
19.47	0.0857396	-0.0108901
19.48	0.0856308	-0.0108763
19.49	0.0855222	-0.0108625
19.5	0.0854137	-0.0108487
19.51	0.0853054	-0.010835
19.52	0.0851972	-0.0108212
19.53	0.0850891	-0.0108075
19.54	0.0849812	-0.0107938
19.55	0.0848734	-0.0107801
19.56	0.0847657	-0.0107664
19.57	0.0846582	-0.0107528
19.58	0.0845508	-0.0107391
19.59	0.0844435	-0.0107255
19.6	0.0843364	-0.0107119
19.61	0.0842294	-0.0106983
19.62	0.0841226	-0.0106847
19.63	0.0840159	-0.0106712
19.64	0.0839093	-0.0106577
19.65	0.0838028	-0.0106441
19.66	0.0836965	-0.0106306
19.67	0.0835904	-0.0106171
19.68	0.0834843	-0.0106037
19.69	0.0833784	-0.0105902
19.7	0.0832726	-0.0105768
19.71	0.083167	-0.0105634
19.72	0.0830615	-0.01055
19.73	0.0829561	-0.0105366
19.74	0.0828509	-0.0105232
19.75	0.0827458	-0.0105099
19.76	0.0826409	-0.0104965
19.77	0.082536	-0.0104832
19.78	0.0824313	-0.0104699
19.79	0.0823268	-0.0104567
19.8	0.0822223	-0.0104434
19.81	0.082118	-0.0104301
19.82	0.0820139	-0.0104169
19.83	0.0819098	-0.0104037
19.84	0.0818059	-0.0103905
19.85	0.0817021	-0.0103773
19.86	0.0815985	-0.0103642
19.87	0.081495	-0.010351
19.88	0.0813916	-0.0103379
19.89	0.0812884	-0.0103248
19.9	0.0811852	-0.0103117
19.91	0.0810823	-0.0102986
19.92	0.0809794	-0.0102855
19.93	0.0808767	-0.0102725
19.94	0.0807741	-0.0102594
19.95	0.0806716	-0.0102464
19.96	0.0805693	-0.0102334
19.97	0.0804671	-0.0102204
19.98	0.080365	-0.0102075
19.99	0.0802631	-0.0101945
