0.02	0.999701	-0.019949
0.03	0.999402	-0.0298463
0.04	0.999005	-0.039691
0.05	0.99851	-0.0494826
0.06	0.997918	-0.0592203
0.07	0.997229	-0.0689034
0.08	0.996444	-0.0785312
0.09	0.995563	-0.088103
0.1	0.994587	-0.0976181
0.11	0.993516	-0.107076
0.12	0.992351	-0.116476
0.13	0.991093	-0.125817
0.14	0.989742	-0.135099
0.15	0.988299	-0.144321
0.16	0.986764	-0.153482
0.17	0.985138	-0.162582
0.18	0.983422	-0.171621
0.19	0.981616	-0.180597
0.2	0.979721	-0.18951
0.21	0.977737	-0.19836
0.22	0.975666	-0.207145
0.23	0.973507	-0.215866
0.24	0.971262	-0.224522
0.25	0.968931	-0.233112
0.26	0.966514	-0.241636
0.27	0.964013	-0.250093
0.28	0.961429	-0.258482
0.29	0.958761	-0.266804
0.3	0.95601	-0.275058
0.31	0.953178	-0.283242
0.32	0.950264	-0.291358
0.33	0.94727	-0.299404
0.34	0.944196	-0.30738
0.35	0.941043	-0.315285
0.36	0.937812	-0.323119
0.37	0.934503	-0.330881
0.38	0.931118	-0.338572
0.39	0.927656	-0.34619
0.4	0.924118	-0.353736
0.41	0.920506	-0.361208
0.42	0.91682	-0.368607
0.43	0.913061	-0.375932
0.44	0.909229	-0.383183
0.45	0.905325	-0.39036
0.46	0.901351	-0.397461
0.47	0.897306	-0.404487
0.48	0.893192	-0.411438
0.49	0.889008	-0.418313
0.5	0.884757	-0.425111
0.51	0.880439	-0.431833
0.52	0.876054	-0.438479
0.53	0.871604	-0.445047
0.54	0.867088	-0.451537
0.55	0.862509	-0.457951
0.56	0.857866	-0.464286
0.57	0.853161	-0.470543
0.58	0.848393	-0.476722
0.59	0.843565	-0.482822
0.6	0.838677	-0.488844
0.61	0.833729	-0.494787
0.62	0.828722	-0.50065
0.63	0.823658	-0.506434
0.64	0.818537	-0.512138
0.65	0.813359	-0.517763
0.66	0.808126	-0.523308
0.67	0.802838	-0.528772
0.68	0.797497	-0.534157
0.69	0.792102	-0.539461
0.7	0.786655	-0.544685
0.71	0.781157	-0.549828
0.72	0.775608	-0.55489
0.73	0.770009	-0.559872
0.74	0.764362	-0.564773
0.75	0.758666	-0.569593
0.76	0.752922	-0.574331
0.77	0.747132	-0.578989
0.78	0.741297	-0.583565
0.79	0.735416	-0.58806
0.8	0.729491	-0.592474
0.81	0.723523	-0.596807
0.82	0.717513	-0.601058
0.83	0.71146	-0.605228
0.84	0.705367	-0.609316
0.85	0.699234	-0.613323
0.86	0.693062	-0.617249
0.87	0.686851	-0.621093
0.88	0.680602	-0.624856
0.89	0.674317	-0.628538
0.9	0.667995	-0.632139
0.91	0.661639	-0.635658
0.92	0.655248	-0.639096
0.93	0.648823	-0.642453
0.94	0.642366	-0.645729
0.95	0.635877	-0.648924
0.96	0.629356	-0.652038
0.97	0.622806	-0.655071
0.98	0.616225	-0.658024
0.99	0.609616	-0.660896
1	0.60298	-0.663688
1.01	0.596316	-0.666399
1.02	0.589625	-0.669031
1.03	0.582909	-0.671582
1.04	0.576169	-0.674053
1.05	0.569404	-0.676444
1.06	0.562617	-0.678756
1.07	0.555807	-0.680988
1.08	0.548976	-0.683142
1.09	0.542123	-0.685216
1.1	0.535251	-0.687211
1.11	0.52836	-0.689127
1.12	0.52145	-0.690965
1.13	0.514523	-0.692725
1.14	0.507579	-0.694406
1.15	0.500619	-0.69601
1.16	0.493644	-0.697536
1.17	0.486654	-0.698985
1.18	0.47965	-0.700357
1.19	0.472634	-0.701651
1.2	0.465605	-0.70287
1.21	0.458565	-0.704011
1.22	0.451514	-0.705077
1.23	0.444453	-0.706067
1.24	0.437384	-0.706981
1.25	0.430305	-0.70782
1.26	0.42322	-0.708584
1.27	0.416127	-0.709273
1.28	0.409028	-0.709888
1.29	0.401924	-0.710429
1.3	0.394815	-0.710896
1.31	0.387702	-0.711289
1.32	0.380586	-0.71161
1.33	0.373467	-0.711858
1.34	0.366347	-0.712033
1.35	0.359225	-0.712137
1.36	0.352104	-0.712168
1.37	0.344983	-0.712128
1.38	0.337862	-0.712017
1.39	0.330744	-0.711836
1.4	0.323628	-0.711584
1.41	0.316516	-0.711263
1.42	0.309407	-0.710871
1.43	0.302303	-0.710411
1.44	0.295204	-0.709882
1.45	0.288111	-0.709285
1.46	0.281025	-0.708619
1.47	0.273946	-0.707887
1.48	0.266875	-0.707087
1.49	0.259813	-0.70622
1.5	0.25276	-0.705287
1.51	0.245717	-0.704288
1.52	0.238685	-0.703224
1.53	0.231664	-0.702095
1.54	0.224655	-0.700901
1.55	0.217659	-0.699643
1.56	0.210675	-0.698321
1.57	0.203706	-0.696936
1.58	0.196751	-0.695489
1.59	0.189811	-0.693979
1.6	0.182887	-0.692407
1.61	0.175979	-0.690774
1.62	0.169089	-0.68908
1.63	0.162215	-0.687325
1.64	0.15536	-0.685511
1.65	0.148524	-0.683637
1.66	0.141707	-0.681704
1.67	0.13491	-0.679712
1.68	0.128133	-0.677663
1.69	0.121378	-0.675556
1.7	0.114644	-0.673392
1.71	0.107932	-0.671171
1.72	0.101243	-0.668895
1.73	0.0945774	-0.666563
1.74	0.0879356	-0.664176
1.75	0.0813182	-0.661734
1.76	0.0747259	-0.659239
1.77	0.068159	-0.65669
1.78	0.0616181	-0.654088
1.79	0.0551037	-0.651434
1.8	0.0486165	-0.648728
1.81	0.0421568	-0.64597
1.82	0.0357251	-0.643162
1.83	0.0293221	-0.640303
1.84	0.0229482	-0.637395
1.85	0.0166038	-0.634438
1.86	0.0102895	-0.631431
1.87	0.0040057	-0.628377
1.88	-0.00224705	-0.625275
1.89	-0.00846832	-0.622126
1.9	-0.0146576	-0.618931
1.91	-0.0208145	-0.61569
1.92	-0.0269386	-0.612403
1.93	-0.0330293	-0.609072
1.94	-0.0390862	-0.605696
1.95	-0.045109	-0.602277
1.96	-0.0510972	-0.598814
1.97	-0.0570502	-0.595309
1.98	-0.0629679	-0.591762
1.99	-0.0688496	-0.588174
2	-0.0746951	-0.584544
2.01	-0.0805038	-0.580875
2.02	-0.0862755	-0.577165
2.03	-0.0920096	-0.573417
2.04	-0.0977059	-0.56963
2.05	-0.103364	-0.565804
2.06	-0.108983	-0.561942
2.07	-0.114564	-0.558042
2.08	-0.120105	-0.554106
2.09	-0.125606	-0.550135
2.1	-0.131068	-0.546128
2.11	-0.136488	-0.542087
2.12	-0.141868	-0.538011
2.13	-0.147208	-0.533903
2.14	-0.152505	-0.529761
2.15	-0.157761	-0.525587
2.16	-0.162975	-0.521382
2.17	-0.168146	-0.517145
2.18	-0.173275	-0.512878
2.19	-0.178361	-0.508581
2.2	-0.183403	-0.504254
2.21	-0.188402	-0.499899
2.22	-0.193358	-0.495515
2.23	-0.198269	-0.491104
2.24	-0.203135	-0.486666
2.25	-0.207957	-0.482201
2.26	-0.212734	-0.477711
2.27	-0.217466	-0.473195
2.28	-0.222153	-0.468654
2.29	-0.226794	-0.464089
2.3	-0.231389	-0.459501
2.31	-0.235938	-0.45489
2.32	-0.24044	-0.450256
2.33	-0.244896	-0.4456
2.34	-0.249305	-0.440923
2.35	-0.253668	-0.436226
2.36	-0.257983	-0.431508
2.37	-0.26225	-0.42677
2.38	-0.266471	-0.422014
2.39	-0.270643	-0.417239
2.4	-0.274767	-0.412447
2.41	-0.278844	-0.407637
2.42	-0.282872	-0.40281
2.43	-0.286852	-0.397967
2.44	-0.290783	-0.393109
2.45	-0.294665	-0.388236
2.46	-0.298499	-0.383348
2.47	-0.302283	-0.378446
2.48	-0.306018	-0.373531
2.49	-0.309704	-0.368603
2.5	-0.313341	-0.363663
2.51	-0.316928	-0.358711
2.52	-0.320466	-0.353748
2.53	-0.323953	-0.348775
2.54	-0.327391	-0.343792
2.55	-0.330779	-0.338799
2.56	-0.334117	-0.333797
2.57	-0.337405	-0.328787
2.58	-0.340643	-0.323769
2.59	-0.34383	-0.318744
2.6	-0.346967	-0.313712
2.61	-0.350054	-0.308673
2.62	-0.35309	-0.303629
2.63	-0.356076	-0.29858
2.64	-0.359011	-0.293527
2.65	-0.361896	-0.288469
2.66	-0.36473	-0.283408
2.67	-0.367514	-0.278343
2.68	-0.370246	-0.273276
2.69	-0.372928	-0.268208
2.7	-0.37556	-0.263137
2.71	-0.37814	-0.258066
2.72	-0.38067	-0.252994
2.73	-0.38315	-0.247923
2.74	-0.385578	-0.242852
2.75	-0.387956	-0.237781
2.76	-0.390283	-0.232713
2.77	-0.39256	-0.227647
2.78	-0.394785	-0.222583
2.79	-0.396961	-0.217522
2.8	-0.399085	-0.212465
2.81	-0.401159	-0.207412
2.82	-0.403183	-0.202363
2.83	-0.405156	-0.197319
2.84	-0.407079	-0.192281
2.85	-0.408952	-0.187249
2.86	-0.410774	-0.182223
2.87	-0.412546	-0.177204
2.88	-0.414268	-0.172193
2.89	-0.41594	-0.167189
2.9	-0.417562	-0.162194
2.91	-0.419134	-0.157207
2.92	-0.420656	-0.15223
2.93	-0.422129	-0.147262
2.94	-0.423552	-0.142305
2.95	-0.424925	-0.137358
2.96	-0.426249	-0.132422
2.97	-0.427524	-0.127497
2.98	-0.42875	-0.122584
2.99	-0.429927	-0.117684
3	-0.431055	-0.112796
3.01	-0.432134	-0.107922
3.02	-0.433165	-0.103061
3.03	-0.434147	-0.0982137
3.04	-0.435081	-0.0933811
3.05	-0.435966	-0.0885634
3.06	-0.436804	-0.083761
3.07	-0.437594	-0.0789741
3.08	-0.438336	-0.0742033
3.09	-0.43903	-0.0694489
3.1	-0.439677	-0.0647114
3.11	-0.440277	-0.059991
3.12	-0.44083	-0.0552883
3.13	-0.441336	-0.0506036
3.14	-0.441796	-0.0459372
3.15	-0.442208	-0.0412896
3.16	-0.442575	-0.036661
3.17	-0.442896	-0.032052
3.18	-0.44317	-0.0274627
3.19	-0.443399	-0.0228937
3.2	-0.443583	-0.0183453
3.21	-0.443721	-0.0138177
3.22	-0.443814	-0.00931142
3.23	-0.443862	-0.00482673
3.24	-0.443866	-0.000363971
3.25	-0.443825	0.00407651
3.26	-0.44374	0.00849437
3.27	-0.443611	0.0128893
3.28	-0.443439	0.017261
3.29	-0.443223	0.0216091
3.3	-0.442963	0.0259332
3.31	-0.442661	0.0302332
3.32	-0.442316	0.0345086
3.33	-0.441928	0.0387593
3.34	-0.441498	0.0429847
3.35	-0.441026	0.0471848
3.36	-0.440513	0.0513591
3.37	-0.439958	0.0555075
3.38	-0.439362	0.0596295
3.39	-0.438724	0.063725
3.4	-0.438046	0.0677936
3.41	-0.437328	0.0718351
3.42	-0.436569	0.0758492
3.43	-0.435771	0.0798356
3.44	-0.434933	0.0837942
3.45	-0.434056	0.0877245
3.46	-0.43314	0.0916265
3.47	-0.432185	0.0954997
3.48	-0.431191	0.0993441
3.49	-0.43016	0.103159
3.5	-0.42909	0.106945
3.51	-0.427983	0.110701
3.52	-0.426839	0.114428
3.53	-0.425658	0.118124
3.54	-0.42444	0.12179
3.55	-0.423186	0.125425
3.56	-0.421895	0.12903
3.57	-0.420569	0.132604
3.58	-0.419208	0.136146
3.59	-0.417811	0.139658
3.6	-0.41638	0.143138
3.61	-0.414914	0.146586
3.62	-0.413414	0.150002
3.63	-0.41188	0.153386
3.64	-0.410313	0.156738
3.65	-0.408712	0.160057
3.66	-0.407079	0.163344
3.67	-0.405413	0.166598
3.68	-0.403714	0.169819
3.69	-0.401984	0.173007
3.7	-0.400223	0.176162
3.71	-0.39843	0.179284
3.72	-0.396606	0.182372
3.73	-0.394752	0.185426
3.74	-0.392867	0.188446
3.75	-0.390953	0.191433
3.76	-0.389009	0.194385
3.77	-0.387036	0.197303
3.78	-0.385034	0.200187
3.79	-0.383004	0.203036
3.8	-0.380946	0.205851
3.81	-0.378859	0.208631
3.82	-0.376745	0.211377
3.83	-0.374605	0.214087
3.84	-0.372437	0.216763
3.85	-0.370243	0.219404
3.86	-0.368023	0.222009
3.87	-0.365777	0.224579
3.88	-0.363506	0.227114
3.89	-0.36121	0.229614
3.9	-0.358889	0.232078
3.91	-0.356544	0.234506
3.92	-0.354175	0.236899
3.93	-0.351782	0.239256
3.94	-0.349367	0.241578
3.95	-0.346928	0.243864
3.96	-0.344467	0.246114
3.97	-0.341984	0.248328
3.98	-0.339478	0.250506
3.99	-0.336952	0.252648
4	-0.334404	0.254754
4.01	-0.331836	0.256825
4.02	-0.329248	0.258859
4.03	-0.326639	0.260857
4.04	-0.324011	0.262819
4.05	-0.321363	0.264745
4.06	-0.318697	0.266635
4.07	-0.316012	0.268489
4.08	-0.313309	0.270307
4.09	-0.310588	0.272088
4.1	-0.30785	0.273834
4.11	-0.305094	0.275543
4.12	-0.302322	0.277216
4.13	-0.299534	0.278853
4.14	-0.296729	0.280454
4.15	-0.293909	0.282019
4.16	-0.291074	0.283548
4.17	-0.288223	0.285041
4.18	-0.285358	0.286498
4.19	-0.282479	0.287919
4.2	-0.279586	0.289305
4.21	-0.276679	0.290654
4.22	-0.27376	0.291968
4.23	-0.270827	0.293245
4.24	-0.267882	0.294487
4.25	-0.264925	0.295694
4.26	-0.261957	0.296864
4.27	-0.258977	0.298
4.28	-0.255986	0.2991
4.29	-0.252984	0.300164
4.3	-0.249972	0.301193
4.31	-0.24695	0.302187
4.32	-0.243919	0.303145
4.33	-0.240878	0.304069
4.34	-0.237829	0.304957
4.35	-0.234771	0.305811
4.36	-0.231704	0.306629
4.37	-0.22863	0.307413
4.38	-0.225548	0.308162
4.39	-0.22246	0.308877
4.4	-0.219364	0.309557
4.41	-0.216262	0.310203
4.42	-0.213154	0.310815
4.43	-0.21004	0.311392
4.44	-0.206921	0.311936
4.45	-0.203796	0.312445
4.46	-0.200667	0.312921
4.47	-0.197533	0.313363
4.48	-0.194396	0.313772
4.49	-0.191254	0.314147
4.5	-0.188109	0.314488
4.51	-0.184961	0.314797
4.52	-0.181811	0.315073
4.53	-0.178657	0.315315
4.54	-0.175502	0.315525
4.55	-0.172345	0.315703
4.56	-0.169187	0.315848
4.57	-0.166027	0.31596
4.58	-0.162867	0.316041
4.59	-0.159706	0.316089
4.6	-0.156545	0.316106
4.61	-0.153384	0.316091
4.62	-0.150223	0.316044
4.63	-0.147064	0.315966
4.64	-0.143905	0.315857
4.65	-0.140748	0.315717
4.66	-0.137593	0.315546
4.67	-0.134439	0.315344
4.68	-0.131288	0.315112
4.69	-0.128139	0.314849
4.7	-0.124994	0.314556
4.71	-0.121852	0.314233
4.72	-0.118713	0.313881
4.73	-0.115578	0.313498
4.74	-0.112447	0.313087
4.75	-0.10932	0.312646
4.76	-0.106199	0.312176
4.77	-0.103082	0.311677
4.78	-0.0999705	0.311149
4.79	-0.0968645	0.310593
4.8	-0.0937645	0.310009
4.81	-0.0906705	0.309396
4.82	-0.0875829	0.308756
4.83	-0.0845021	0.308088
4.84	-0.0814281	0.307393
4.85	-0.0783614	0.30667
4.86	-0.0753022	0.30592
4.87	-0.0722508	0.305144
4.88	-0.0692074	0.304341
4.89	-0.0661723	0.303511
4.9	-0.0631457	0.302655
4.91	-0.060128	0.301773
4.92	-0.0571193	0.300866
4.93	-0.05412	0.299933
4.94	-0.0511303	0.298974
4.95	-0.0481504	0.29799
4.96	-0.0451805	0.296982
4.97	-0.0422211	0.295949
4.98	-0.0392721	0.294891
4.99	-0.036334	0.29381
5	-0.033407	0.292704
5.01	-0.0304913	0.291575
5.02	-0.027587	0.290422
5.03	-0.0246946	0.289245
5.04	-0.0218141	0.288046
5.05	-0.0189459	0.286824
5.06	-0.0160901	0.285579
5.07	-0.013247	0.284312
5.08	-0.0104167	0.283023
5.09	-0.00759962	0.281712
5.1	-0.00479582	0.28038
5.11	-0.00200556	0.279026
5.12	0.000770945	0.277651
5.13	0.00353349	0.276255
5.14	0.00628187	0.274838
5.15	0.00901588	0.273401
5.16	0.0117353	0.271944
5.17	0.01444	0.270467
5.18	0.0171297	0.26897
5.19	0.0198042	0.267454
5.2	0.0224634	0.265919
5.21	0.0251071	0.264364
5.22	0.027735	0.262792
5.23	0.030347	0.2612
5.24	0.0329429	0.259591
5.25	0.0355225	0.257963
5.26	0.0380857	0.256318
5.27	0.0406323	0.254656
5.28	0.043162	0.252976
5.29	0.0456748	0.25128
5.3	0.0481705	0.249567
5.31	0.0506489	0.247837
5.32	0.0531098	0.246091
5.33	0.0555531	0.24433
5.34	0.0579786	0.242553
5.35	0.0603862	0.24076
5.36	0.0627757	0.238952
5.37	0.065147	0.23713
5.38	0.0675	0.235293
5.39	0.0698344	0.233441
5.4	0.0721501	0.231576
5.41	0.0744471	0.229696
5.42	0.0767251	0.227803
5.43	0.0789841	0.225897
5.44	0.0812239	0.223978
5.45	0.0834443	0.222046
5.46	0.0856453	0.220101
5.47	0.0878268	0.218144
5.48	0.0899885	0.216175
5.49	0.0921305	0.214194
5.5	0.0942525	0.212202
5.51	0.0963545	0.210199
5.52	0.0984363	0.208184
5.53	0.100498	0.206159
5.54	0.102539	0.204123
5.55	0.10456	0.202077
5.56	0.10656	0.200021
5.57	0.10854	0.197955
5.58	0.110498	0.19588
5.59	0.112436	0.193796
5.6	0.114353	0.191702
5.61	0.116249	0.1896
5.62	0.118124	0.18749
5.63	0.119978	0.185371
5.64	0.121811	0.183245
5.65	0.123622	0.18111
5.66	0.125411	0.178968
5.67	0.12718	0.176819
5.68	0.128926	0.174664
5.69	0.130651	0.172501
5.7	0.132354	0.170332
5.71	0.134036	0.168157
5.72	0.135696	0.165976
5.73	0.137334	0.163789
5.74	0.13895	0.161597
5.75	0.140544	0.159399
5.76	0.142116	0.157197
5.77	0.143665	0.154989
5.78	0.145193	0.152778
5.79	0.146699	0.150562
5.8	0.148182	0.148342
5.81	0.149644	0.146119
5.82	0.151082	0.143892
5.83	0.152499	0.141661
5.84	0.153893	0.139428
5.85	0.155265	0.137192
5.86	0.156615	0.134953
5.87	0.157942	0.132712
5.88	0.159247	0.13047
5.89	0.160529	0.128225
5.9	0.161789	0.125978
5.91	0.163026	0.123731
5.92	0.164241	0.121482
5.93	0.165433	0.119232
5.94	0.166603	0.116981
5.95	0.16775	0.11473
5.96	0.168875	0.112479
5.97	0.169977	0.110228
5.98	0.171057	0.107977
5.99	0.172114	0.105727
6	0.173149	0.103477
6.01	0.174161	0.101228
6.02	0.175151	0.0989803
6.03	0.176118	0.0967339
6.04	0.177063	0.094489
6.05	0.177986	0.0922459
6.06	0.178886	0.0900048
6.07	0.179764	0.087766
6.08	0.180619	0.0855295
6.09	0.181452	0.0832957
6.1	0.182262	0.0810647
6.11	0.183051	0.0788367
6.12	0.183817	0.076612
6.13	0.184561	0.0743908
6.14	0.185283	0.0721732
6.15	0.185982	0.0699595
6.16	0.18666	0.0677499
6.17	0.187315	0.0655446
6.18	0.187949	0.0633437
6.19	0.18856	0.0611475
6.2	0.18915	0.0589562
6.21	0.189717	0.0567699
6.22	0.190263	0.0545889
6.23	0.190787	0.0524133
6.24	0.19129	0.0502433
6.25	0.191771	0.0480792
6.26	0.19223	0.0459211
6.27	0.192667	0.0437692
6.28	0.193084	0.0416237
6.29	0.193479	0.0394848
6.3	0.193852	0.0373525
6.31	0.194204	0.0352273
6.32	0.194535	0.0331091
6.33	0.194845	0.0309982
6.34	0.195134	0.0288947
6.35	0.195402	0.0267989
6.36	0.195649	0.0247109
6.37	0.195876	0.0226309
6.38	0.196081	0.0205589
6.39	0.196266	0.0184953
6.4	0.196431	0.0164402
6.41	0.196575	0.0143937
6.42	0.196698	0.012356
6.43	0.196801	0.0103272
6.44	0.196885	0.00830756
6.45	0.196947	0.00629718
6.46	0.19699	0.00429622
6.47	0.197014	0.00230483
6.48	0.197017	0.000323174
6.49	0.197	-0.00164861
6.5	0.196964	-0.00361037
6.51	0.196909	-0.00556196
6.52	0.196833	-0.00750323
6.53	0.196739	-0.00943405
6.54	0.196626	-0.0113543
6.55	0.196493	-0.0132638
6.56	0.196341	-0.0151624
6.57	0.196171	-0.01705
6.58	0.195982	-0.0189264
6.59	0.195774	-0.0207916
6.6	0.195547	-0.0226454
6.61	0.195302	-0.0244876
6.62	0.195039	-0.0263182
6.63	0.194758	-0.028137
6.64	0.194458	-0.0299439
6.65	0.194141	-0.0317388
6.66	0.193806	-0.0335215
6.67	0.193453	-0.0352919
6.68	0.193082	-0.03705
6.69	0.192694	-0.0387956
6.7	0.192289	-0.0405286
6.71	0.191867	-0.0422488
6.72	0.191427	-0.0439562
6.73	0.190971	-0.0456507
6.74	0.190497	-0.0473322
6.75	0.190007	-0.0490005
6.76	0.189501	-0.0506555
6.77	0.188978	-0.0522973
6.78	0.188438	-0.0539256
6.79	0.187883	-0.0555403
6.8	0.187312	-0.0571414
6.81	0.186724	-0.0587289
6.82	0.186121	-0.0603025
6.83	0.185503	-0.0618622
6.84	0.184869	-0.0634079
6.85	0.184219	-0.0649395
6.86	0.183555	-0.066457
6.87	0.182875	-0.0679603
6.88	0.182181	-0.0694492
6.89	0.181471	-0.0709238
6.9	0.180747	-0.0723839
6.91	0.180009	-0.0738294
6.92	0.179257	-0.0752604
6.93	0.17849	-0.0766766
6.94	0.177709	-0.0780782
6.95	0.176914	-0.0794649
6.96	0.176106	-0.0808367
6.97	0.175284	-0.0821935
6.98	0.174449	-0.0835354
6.99	0.1736	-0.0848622
7	0.172738	-0.0861739
7.01	0.171864	-0.0874704
7.02	0.170976	-0.0887517
7.03	0.170076	-0.0900177
7.04	0.169163	-0.0912684
7.05	0.168238	-0.0925037
7.06	0.167301	-0.0937235
7.07	0.166352	-0.0949279
7.08	0.165391	-0.0961168
7.09	0.164418	-0.0972901
7.1	0.163433	-0.0984479
7.11	0.162437	-0.09959
7.12	0.16143	-0.100716
7.13	0.160412	-0.101827
7.14	0.159383	-0.102922
7.15	0.158343	-0.104001
7.16	0.157292	-0.105065
7.17	0.156231	-0.106112
7.18	0.155159	-0.107144
7.19	0.154078	-0.10816
7.2	0.152986	-0.10916
7.21	0.151885	-0.110144
7.22	0.150774	-0.111112
7.23	0.149653	-0.112064
7.24	0.148523	-0.113
7.25	0.147384	-0.113921
7.26	0.146236	-0.114825
7.27	0.145078	-0.115713
7.28	0.143913	-0.116585
7.29	0.142738	-0.117442
7.3	0.141555	-0.118282
7.31	0.140364	-0.119106
7.32	0.139165	-0.119914
7.33	0.137958	-0.120706
7.34	0.136743	-0.121482
7.35	0.135521	-0.122242
7.36	0.134291	-0.122986
7.37	0.133054	-0.123714
7.38	0.13181	-0.124426
7.39	0.130558	-0.125122
7.4	0.1293	-0.125802
7.41	0.128036	-0.126466
7.42	0.126764	-0.127114
7.43	0.125487	-0.127746
7.44	0.124203	-0.128362
7.45	0.122914	-0.128963
7.46	0.121618	-0.129547
7.47	0.120317	-0.130115
7.48	0.11901	-0.130668
7.49	0.117698	-0.131205
7.5	0.116381	-0.131726
7.51	0.115059	-0.132231
7.52	0.113732	-0.13272
7.53	0.1124	-0.133194
7.54	0.111063	-0.133652
7.55	0.109722	-0.134094
7.56	0.108377	-0.134521
7.57	0.107028	-0.134932
7.58	0.105674	-0.135328
7.59	0.104317	-0.135708
7.6	0.102957	-0.136073
7.61	0.101592	-0.136422
7.62	0.100225	-0.136756
7.63	0.0988541	-0.137074
7.64	0.0974804	-0.137377
7.65	0.0961037	-0.137665
7.66	0.0947243	-0.137938
7.67	0.0933424	-0.138195
7.68	0.091958	-0.138438
7.69	0.0905713	-0.138665
7.7	0.0891826	-0.138878
7.71	0.0877918	-0.139075
7.72	0.0863992	-0.139258
7.73	0.085005	-0.139425
7.74	0.0836092	-0.139578
7.75	0.082212	-0.139716
7.76	0.0808136	-0.13984
7.77	0.0794141	-0.139949
7.78	0.0780137	-0.140043
7.79	0.0766125	-0.140123
7.8	0.0752106	-0.140189
7.81	0.0738082	-0.14024
7.82	0.0724054	-0.140277
7.83	0.0710024	-0.140299
7.84	0.0695993	-0.140308
7.85	0.0681963	-0.140302
7.86	0.0667935	-0.140283
7.87	0.065391	-0.140249
7.88	0.063989	-0.140202
7.89	0.0625876	-0.140141
7.9	0.0611869	-0.140066
7.91	0.0597871	-0.139978
7.92	0.0583884	-0.139876
7.93	0.0569908	-0.13976
7.94	0.0555945	-0.139631
7.95	0.0541996	-0.139489
7.96	0.0528062	-0.139334
7.97	0.0514146	-0.139165
7.98	0.0500247	-0.138983
7.99	0.0486369	-0.138789
8	0.047251	-0.138581
8.01	0.0458674	-0.138361
8.02	0.0444862	-0.138128
8.03	0.0431073	-0.137882
8.04	0.0417311	-0.137623
8.05	0.0403576	-0.137353
8.06	0.0389869	-0.137069
8.07	0.0376191	-0.136774
8.08	0.0362545	-0.136466
8.09	0.034893	-0.136147
8.1	0.0335349	-0.135815
8.11	0.0321802	-0.135471
8.12	0.030829	-0.135115
8.13	0.0294815	-0.134748
8.14	0.0281378	-0.134369
8.15	0.026798	-0.133979
8.16	0.0254623	-0.133577
8.17	0.0241306	-0.133164
8.18	0.0228033	-0.132739
8.19	0.0214802	-0.132303
8.2	0.0201616	-0.131857
8.21	0.0188477	-0.131399
8.22	0.0175384	-0.130931
8.23	0.0162338	-0.130451
8.24	0.0149342	-0.129961
8.25	0.0136396	-0.129461
8.26	0.0123501	-0.12895
8.27	0.0110658	-0.128429
8.28	0.00978686	-0.127897
8.29	0.00851331	-0.127356
8.3	0.00724527	-0.126804
8.31	0.00598284	-0.126242
8.32	0.00472613	-0.125671
8.33	0.00347523	-0.12509
8.34	0.00223024	-0.124499
8.35	0.00099125	-0.123899
8.36	-0.000241644	-0.123289
8.37	-0.00146835	-0.122671
8.38	-0.00268878	-0.122043
8.39	-0.00390283	-0.121405
8.4	-0.00511042	-0.120759
8.41	-0.00631147	-0.120104
8.42	-0.00750588	-0.119441
8.43	-0.00869356	-0.118769
8.44	-0.00987444	-0.118088
8.45	-0.0110484	-0.117399
8.46	-0.0122154	-0.116701
8.47	-0.0133754	-0.115995
8.48	-0.0145282	-0.115282
8.49	-0.0156738	-0.11456
8.5	-0.0168121	-0.113831
8.51	-0.017943	-0.113093
8.52	-0.0190665	-0.112348
8.53	-0.0201825	-0.111596
8.54	-0.0212909	-0.110836
8.55	-0.0223915	-0.110069
8.56	-0.0234845	-0.109295
8.57	-0.0245696	-0.108513
8.58	-0.0256469	-0.107725
8.59	-0.0267162	-0.10693
8.6	-0.0277775	-0.106128
8.61	-0.0288307	-0.10532
8.62	-0.0298757	-0.104505
8.63	-0.0309125	-0.103684
8.64	-0.0319411	-0.102856
8.65	-0.0329613	-0.102022
8.66	-0.0339732	-0.101183
8.67	-0.0349765	-0.100337
8.68	-0.0359714	-0.0994856
8.69	-0.0369577	-0.0986285
8.7	-0.0379353	-0.0977658
8.71	-0.0389043	-0.0968976
8.72	-0.0398645	-0.0960241
8.73	-0.040816	-0.0951453
8.74	-0.0417586	-0.0942614
8.75	-0.0426923	-0.0933725
8.76	-0.0436171	-0.0924787
8.77	-0.0445329	-0.0915802
8.78	-0.0454397	-0.0906769
8.79	-0.0463374	-0.0897692
8.8	-0.047226	-0.0888569
8.81	-0.0481054	-0.0879404
8.82	-0.0489756	-0.0870196
8.83	-0.0498365	-0.0860948
8.84	-0.0506882	-0.0851659
8.85	-0.0515305	-0.0842332
8.86	-0.0523635	-0.0832968
8.87	-0.053187	-0.0823566
8.88	-0.0540012	-0.081413
8.89	-0.0548058	-0.0804659
8.9	-0.055601	-0.0795155
8.91	-0.0563866	-0.0785619
8.92	-0.0571627	-0.0776053
8.93	-0.0579291	-0.0766456
8.94	-0.0586859	-0.0756831
8.95	-0.0594331	-0.0747178
8.96	-0.0601706	-0.0737499
8.97	-0.0608984	-0.0727794
8.98	-0.0616165	-0.0718066
8.99	-0.0623248	-0.0708314
9	-0.0630233	-0.069854
9.01	-0.0637121	-0.0688745
9.02	-0.064391	-0.067893
9.03	-0.0650601	-0.0669096
9.04	-0.0657193	-0.0659244
9.05	-0.0663687	-0.0649376
9.06	-0.0670082	-0.0639492
9.07	-0.0676378	-0.0629594
9.08	-0.0682575	-0.0619682
9.09	-0.0688672	-0.0609758
9.1	-0.0694671	-0.0599823
9.11	-0.0700569	-0.0589877
9.12	-0.0706369	-0.0579922
9.13	-0.0712068	-0.0569959
9.14	-0.0717668	-0.0559988
9.15	-0.0723168	-0.0550011
9.16	-0.0728569	-0.054003
9.17	-0.0733869	-0.0530044
9.18	-0.073907	-0.0520055
9.19	-0.074417	-0.0510064
9.2	-0.0749171	-0.0500072
9.21	-0.0754072	-0.049008
9.22	-0.0758873	-0.0480089
9.23	-0.0763574	-0.04701
9.24	-0.0768175	-0.0460113
9.25	-0.0772676	-0.0450131
9.26	-0.0777078	-0.0440154
9.27	-0.0781379	-0.0430182
9.28	-0.0785582	-0.0420217
9.29	-0.0789684	-0.0410261
9.3	-0.0793687	-0.0400312
9.31	-0.0797591	-0.0390374
9.32	-0.0801395	-0.0380446
9.33	-0.0805101	-0.037053
9.34	-0.0808707	-0.0360626
9.35	-0.0812214	-0.0350736
9.36	-0.0815623	-0.034086
9.37	-0.0818933	-0.0331
9.38	-0.0822145	-0.0321155
9.39	-0.0825258	-0.0311328
9.4	-0.0828273	-0.0301519
9.41	-0.083119	-0.0291729
9.42	-0.083401	-0.0281958
9.43	-0.0836732	-0.0272208
9.44	-0.0839357	-0.026248
9.45	-0.0841885	-0.0252774
9.46	-0.0844315	-0.0243091
9.47	-0.084665	-0.0233433
9.48	-0.0848888	-0.0223799
9.49	-0.085103	-0.0214191
9.5	-0.0853076	-0.020461
9.51	-0.0855026	-0.0195056
9.52	-0.0856882	-0.018553
9.53	-0.0858642	-0.0176034
9.54	-0.0860308	-0.0166567
9.55	-0.0861879	-0.0157131
9.56	-0.0863356	-0.0147727
9.57	-0.086474	-0.0138355
9.58	-0.086603	-0.0129016
9.59	-0.0867227	-0.011971
9.6	-0.0868331	-0.0110439
9.61	-0.0869343	-0.0101204
9.62	-0.0870264	-0.00920045
9.63	-0.0871092	-0.00828418
9.64	-0.0871829	-0.00737167
9.65	-0.0872475	-0.00646298
9.66	-0.0873031	-0.00555819
9.67	-0.0873497	-0.00465737
9.68	-0.0873873	-0.00376059
9.69	-0.087416	-0.00286791
9.7	-0.0874358	-0.00197941
9.71	-0.0874467	-0.00109515
9.72	-0.0874489	-0.000215212
9.73	-0.0874423	0.000660353
9.74	-0.087427	0.00153147
9.75	-0.087403	0.00239809
9.76	-0.0873704	0.00326013
9.77	-0.0873292	0.00411753
9.78	-0.0872795	0.00497023
9.79	-0.0872213	0.00581818
9.8	-0.0871547	0.0066613
9.81	-0.0870797	0.00749954
9.82	-0.0869964	0.00833284
9.83	-0.0869048	0.00916114
9.84	-0.0868049	0.00998438
9.85	-0.0866969	0.0108025
9.86	-0.0865807	0.0116155
9.87	-0.0864565	0.0124232
9.88	-0.0863243	0.0132256
9.89	-0.086184	0.0140228
9.9	-0.0860359	0.0148145
9.91	-0.0858799	0.0156008
9.92	-0.0857161	0.0163816
9.93	-0.0855445	0.0171568
9.94	-0.0853652	0.0179265
9.95	-0.0851783	0.0186905
9.96	-0.0849838	0.0194488
9.97	-0.0847818	0.0202014
9.98	-0.0845723	0.0209482
9.99	-0.0843554	0.0216892
10	-0.0841312	0.0224243
10.01	-0.0838997	0.0231535
10.02	-0.0836609	0.0238767
10.03	-0.083415	0.024594
10.04	-0.0831619	0.0253052
10.05	-0.0829018	0.0260102
10.06	-0.0826347	0.0267092
10.07	-0.0823607	0.027402
10.08	-0.0820798	0.0280886
10.09	-0.0817921	0.028769
10.1	-0.0814977	0.029443
10.11	-0.0811966	0.0301108
10.12	-0.0808889	0.0307722
10.13	-0.0805746	0.0314272
10.14	-0.0802538	0.0320759
10.15	-0.0799266	0.032718
10.16	-0.0795931	0.0333537
10.17	-0.0792533	0.0339828
10.18	-0.0789072	0.0346055
10.19	-0.078555	0.0352215
10.2	-0.0781967	0.035831
10.21	-0.0778324	0.0364338
10.22	-0.0774621	0.0370299
10.23	-0.0770859	0.0376194
10.24	-0.0767039	0.0382022
10.25	-0.0763161	0.0387782
10.26	-0.0759226	0.0393475
10.27	-0.0755235	0.0399099
10.28	-0.0751188	0.0404656
10.29	-0.0747087	0.0410145
10.3	-0.0742931	0.0415565
10.31	-0.0738722	0.0420916
10.32	-0.073446	0.0426199
10.33	-0.0730146	0.0431413
10.34	-0.072578	0.0436557
10.35	-0.0721364	0.0441632
10.36	-0.0716898	0.0446638
10.37	-0.0712382	0.0451573
10.38	-0.0707818	0.0456439
10.39	-0.0703205	0.0461235
10.4	-0.0698546	0.0465961
10.41	-0.0693839	0.0470617
10.42	-0.0689087	0.0475202
10.43	-0.068429	0.0479717
10.44	-0.0679449	0.0484161
10.45	-0.0674563	0.0488535
10.46	-0.0669635	0.0492838
10.47	-0.0664664	0.049707
10.48	-0.0659652	0.0501231
10.49	-0.0654599	0.0505322
10.5	-0.0649505	0.0509341
10.51	-0.0644372	0.051329
10.52	-0.0639201	0.0517167
10.53	-0.0633991	0.0520973
10.54	-0.0628744	0.0524708
10.55	-0.062346	0.0528372
10.56	-0.0618141	0.0531965
10.57	-0.0612786	0.0535486
10.58	-0.0607396	0.0538937
10.59	-0.0601973	0.0542316
10.6	-0.0596517	0.0545624
10.61	-0.0591028	0.0548861
10.62	-0.0585508	0.0552027
10.63	-0.0579957	0.0555122
10.64	-0.0574375	0.0558146
10.65	-0.0568764	0.0561099
10.66	-0.0563125	0.0563981
10.67	-0.0557457	0.0566793
10.68	-0.0551761	0.0569533
10.69	-0.0546039	0.0572203
10.7	-0.0540291	0.0574802
10.71	-0.0534518	0.0577331
10.72	-0.052872	0.057979
10.73	-0.0522898	0.0582178
10.74	-0.0517053	0.0584496
10.75	-0.0511186	0.0586744
10.76	-0.0505297	0.0588922
10.77	-0.0499386	0.0591031
10.78	-0.0493456	0.059307
10.79	-0.0487505	0.0595039
10.8	-0.0481536	0.0596939
10.81	-0.0475548	0.0598769
10.82	-0.0469543	0.0600531
10.83	-0.0463521	0.0602224
10.84	-0.0457482	0.0603848
10.85	-0.0451428	0.0605403
10.86	-0.0445359	0.0606891
10.87	-0.0439276	0.060831
10.88	-0.0433179	0.0609661
10.89	-0.042707	0.0610944
10.9	-0.0420948	0.061216
10.91	-0.0414815	0.0613309
10.92	-0.0408671	0.0614391
10.93	-0.0402517	0.0615405
10.94	-0.0396354	0.0616354
10.95	-0.0390181	0.0617235
10.96	-0.0384001	0.0618051
10.97	-0.0377813	0.0618801
10.98	-0.0371618	0.0619485
10.99	-0.0365417	0.0620104
11	-0.0359211	0.0620657
11.01	-0.0352999	0.0621146
11.02	-0.0346783	0.062157
11.03	-0.0340564	0.062193
11.04	-0.0334342	0.0622226
11.05	-0.0328117	0.0622459
11.06	-0.0321891	0.0622628
11.07	-0.0315664	0.0622733
11.08	-0.0309436	0.0622776
11.09	-0.0303208	0.0622757
11.1	-0.0296981	0.0622675
11.11	-0.0290756	0.0622531
11.12	-0.0284533	0.0622326
11.13	-0.0278312	0.062206
11.14	-0.0272095	0.0621733
11.15	-0.0265882	0.0621345
11.16	-0.0259673	0.0620897
11.17	-0.0253469	0.062039
11.18	-0.024727	0.0619822
11.19	-0.0241078	0.0619196
11.2	-0.0234893	0.0618511
11.21	-0.0228716	0.0617767
11.22	-0.0222546	0.0616965
11.23	-0.0216385	0.0616106
11.24	-0.0210233	0.0615189
11.25	-0.0204091	0.0614216
11.26	-0.0197959	0.0613186
11.27	-0.0191838	0.0612099
11.28	-0.0185729	0.0610957
11.29	-0.0179631	0.060976
11.3	-0.0173546	0.0608507
11.31	-0.0167474	0.06072
11.32	-0.0161415	0.0605839
11.33	-0.0155371	0.0604424
11.34	-0.0149342	0.0602955
11.35	-0.0143327	0.0601434
11.36	-0.0137329	0.059986
11.37	-0.0131346	0.0598234
11.38	-0.0125381	0.0596556
11.39	-0.0119433	0.0594827
11.4	-0.0113502	0.0593048
11.41	-0.010759	0.0591217
11.42	-0.0101697	0.0589337
11.43	-0.00958225	0.0587407
11.44	-0.00899682	0.0585429
11.45	-0.00841342	0.0583401
11.46	-0.00783209	0.0581325
11.47	-0.00725289	0.0579202
11.48	-0.00667586	0.0577031
11.49	-0.00610105	0.0574814
11.5	-0.0055285	0.057255
11.51	-0.00495826	0.057024
11.52	-0.00439037	0.0567885
11.53	-0.00382489	0.0565484
11.54	-0.00326185	0.0563039
11.55	-0.0027013	0.056055
11.56	-0.00214328	0.0558018
11.57	-0.00158784	0.0555442
11.58	-0.00103501	0.0552823
11.59	-0.000484852	0.0550163
11.6	6.26082e-05	0.054746
11.61	0.000607325	0.0544717
11.62	0.00114926	0.0541933
11.63	0.00168837	0.0539108
11.64	0.00222461	0.0536244
11.65	0.00275795	0.053334
11.66	0.00328835	0.0530397
11.67	0.00381576	0.0527417
11.68	0.00434016	0.0524398
11.69	0.0048615	0.0521342
11.7	0.00537975	0.0518249
11.71	0.00589487	0.051512
11.72	0.00640683	0.0511955
11.73	0.00691558	0.0508754
11.74	0.0074211	0.0505519
11.75	0.00792335	0.0502249
11.76	0.0084223	0.0498946
11.77	0.0089179	0.0495609
11.78	0.00941014	0.0492239
11.79	0.00989898	0.0488837
11.8	0.0103844	0.0485403
11.81	0.0108663	0.0481937
11.82	0.0113448	0.0478441
11.83	0.0118197	0.0474914
11.84	0.012291	0.0471358
11.85	0.0127588	0.0467772
11.86	0.013223	0.0464157
11.87	0.0136835	0.0460514
11.88	0.0141403	0.0456843
11.89	0.0145935	0.0453145
11.9	0.0150429	0.044942
11.91	0.0154886	0.0445668
11.92	0.0159304	0.0441891
11.93	0.0163685	0.0438089
11.94	0.0168028	0.0434261
11.95	0.0172332	0.043041
11.96	0.0176597	0.0426534
11.97	0.0180824	0.0422636
11.98	0.0185011	0.0418714
11.99	0.0189159	0.0414771
12	0.0193267	0.0410805
12.01	0.0197335	0.0406818
12.02	0.0201363	0.0402811
12.03	0.0205351	0.0398783
12.04	0.0209298	0.0394736
12.05	0.0213205	0.0390669
12.06	0.0217071	0.0386584
12.07	0.0220895	0.038248
12.08	0.0224679	0.0378359
12.09	0.0228421	0.037422
12.1	0.0232122	0.0370065
12.11	0.0235781	0.0365893
12.12	0.0239398	0.0361706
12.13	0.0242973	0.0357504
12.14	0.0246506	0.0353286
12.15	0.0249996	0.0349055
12.16	0.0253444	0.034481
12.17	0.025685	0.0340551
12.18	0.0260213	0.033628
12.19	0.0263533	0.0331996
12.2	0.026681	0.0327701
12.21	0.0270044	0.0323395
12.22	0.0273234	0.0319077
12.23	0.0276382	0.0314749
12.24	0.0279486	0.0310412
12.25	0.0282547	0.0306065
12.26	0.0285564	0.0301709
12.27	0.0288537	0.0297345
12.28	0.0291467	0.0292973
12.29	0.0294353	0.0288593
12.3	0.0297195	0.0284207
12.31	0.0299993	0.0279814
12.32	0.0302747	0.0275415
12.33	0.0305457	0.027101
12.34	0.0308123	0.0266601
12.35	0.0310745	0.0262186
12.36	0.0313323	0.0257768
12.37	0.0315856	0.0253346
12.38	0.0318346	0.0248921
12.39	0.032079	0.0244493
12.4	0.0323191	0.0240062
12.41	0.0325547	0.023563
12.42	0.0327859	0.0231196
12.43	0.0330127	0.0226762
12.44	0.033235	0.0222327
12.45	0.0334529	0.0217892
12.46	0.0336664	0.0213457
12.47	0.0338754	0.0209023
12.48	0.03408	0.020459
12.49	0.0342801	0.0200159
12.5	0.0344759	0.019573
12.51	0.0346672	0.0191304
12.52	0.0348541	0.0186881
12.53	0.0350365	0.0182461
12.54	0.0352146	0.0178045
12.55	0.0353882	0.0173634
12.56	0.0355574	0.0169227
12.57	0.0357223	0.0164825
12.58	0.0358827	0.0160428
12.59	0.0360387	0.0156038
12.6	0.0361904	0.0151654
12.61	0.0363376	0.0147277
12.62	0.0364806	0.0142906
12.63	0.0366191	0.0138544
12.64	0.0367533	0.0134189
12.65	0.0368831	0.0129843
12.66	0.0370086	0.0125505
12.67	0.0371298	0.0121177
12.68	0.0372467	0.0116858
12.69	0.0373592	0.0112549
12.7	0.0374675	0.0108251
12.71	0.0375714	0.0103963
12.72	0.0376711	0.00996856
12.73	0.0377665	0.009542
12.74	0.0378577	0.00911663
12.75	0.0379446	0.00869247
12.76	0.0380273	0.00826956
12.77	0.0381058	0.00784794
12.78	0.0381801	0.00742764
12.79	0.0382502	0.0070087
12.8	0.0383161	0.00659116
12.81	0.0383778	0.00617504
12.82	0.0384354	0.00576039
12.83	0.0384889	0.00534723
12.84	0.0385383	0.0049356
12.85	0.0385835	0.00452554
12.86	0.0386247	0.00411708
12.87	0.0386618	0.00371025
12.88	0.0386948	0.00330508
12.89	0.0387239	0.0029016
12.9	0.0387489	0.00249986
12.91	0.0387699	0.00209987
12.92	0.0387869	0.00170167
12.93	0.0387999	0.0013053
12.94	0.038809	0.000910769
12.95	0.0388142	0.000518125
12.96	0.0388155	0.000127393
12.97	0.0388129	-0.000261399
12.98	0.0388064	-0.000648221
12.99	0.0387961	-0.00103304
13	0.0387819	-0.00141584
13.01	0.0387639	-0.00179658
13.02	0.0387422	-0.00217524
13.03	0.0387167	-0.00255178
13.04	0.0386874	-0.00292619
13.05	0.0386544	-0.00329843
13.06	0.0386177	-0.00366848
13.07	0.0385774	-0.00403632
13.08	0.0385334	-0.00440191
13.09	0.0384857	-0.00476524
13.1	0.0384344	-0.00512627
13.11	0.0383796	-0.00548498
13.12	0.0383212	-0.00584135
13.13	0.0382592	-0.00619536
13.14	0.0381938	-0.00654697
13.15	0.0381248	-0.00689617
13.16	0.0380524	-0.00724294
13.17	0.0379765	-0.00758725
13.18	0.0378972	-0.00792908
13.19	0.0378145	-0.0082684
13.2	0.0377285	-0.00860521
13.21	0.0376391	-0.00893947
13.22	0.0375464	-0.00927116
13.23	0.0374504	-0.00960027
13.24	0.0373511	-0.00992677
13.25	0.0372486	-0.0102506
13.26	0.0371429	-0.0105719
13.27	0.037034	-0.0108904
13.28	0.0369219	-0.0112063
13.29	0.0368067	-0.0115195
13.3	0.0366884	-0.01183
13.31	0.036567	-0.0121377
13.32	0.0364426	-0.0124427
13.33	0.0363151	-0.0127449
13.34	0.0361847	-0.0130443
13.35	0.0360513	-0.013341
13.36	0.0359149	-0.0136348
13.37	0.0357757	-0.0139258
13.38	0.0356335	-0.0142139
13.39	0.0354886	-0.0144992
13.4	0.0353407	-0.0147815
13.41	0.0351901	-0.015061
13.42	0.0350368	-0.0153376
13.43	0.0348806	-0.0156113
13.44	0.0347218	-0.0158821
13.45	0.0345603	-0.0161499
13.46	0.0343962	-0.0164147
13.47	0.0342294	-0.0166766
13.48	0.0340601	-0.0169355
13.49	0.0338881	-0.0171914
13.5	0.0337137	-0.0174444
13.51	0.0335368	-0.0176943
13.52	0.0333573	-0.0179412
13.53	0.0331755	-0.0181851
13.54	0.0329912	-0.0184259
13.55	0.0328046	-0.0186637
13.56	0.0326156	-0.0188984
13.57	0.0324243	-0.0191301
13.58	0.0322307	-0.0193586
13.59	0.0320349	-0.0195842
13.6	0.0318368	-0.0198066
13.61	0.0316366	-0.0200259
13.62	0.0314341	-0.0202422
13.63	0.0312296	-0.0204553
13.64	0.0310229	-0.0206653
13.65	0.0308142	-0.0208722
13.66	0.0306034	-0.021076
13.67	0.0303907	-0.0212766
13.68	0.0301759	-0.0214742
13.69	0.0299593	-0.0216686
13.7	0.0297407	-0.0218598
13.71	0.0295202	-0.0220479
13.72	0.0292978	-0.0222329
13.73	0.0290737	-0.0224147
13.74	0.0288478	-0.0225934
13.75	0.0286201	-0.0227689
13.76	0.0283907	-0.0229412
13.77	0.0281596	-0.0231104
13.78	0.0279268	-0.0232765
13.79	0.0276924	-0.0234394
13.8	0.0274564	-0.0235991
13.81	0.0272189	-0.0237557
13.82	0.0269798	-0.0239091
13.83	0.0267392	-0.0240593
13.84	0.0264971	-0.0242064
13.85	0.0262536	-0.0243503
13.86	0.0260087	-0.0244911
13.87	0.0257624	-0.0246288
13.88	0.0255148	-0.0247632
13.89	0.0252658	-0.0248946
13.9	0.0250156	-0.0250228
13.91	0.0247641	-0.0251478
13.92	0.0245114	-0.0252697
13.93	0.0242575	-0.0253885
13.94	0.0240025	-0.0255041
13.95	0.0237463	-0.0256166
13.96	0.0234891	-0.025726
13.97	0.0232307	-0.0258322
13.98	0.0229714	-0.0259354
13.99	0.022711	-0.0260354
14	0.0224497	-0.0261324
14.01	0.0221875	-0.0262262
14.02	0.0219243	-0.0263169
14.03	0.0216602	-0.0264046
14.04	0.0213953	-0.0264892
14.05	0.0211296	-0.0265707
14.06	0.0208631	-0.0266491
14.07	0.0205959	-0.0267245
14.08	0.0203279	-0.0267969
14.09	0.0200593	-0.0268662
14.1	0.01979	-0.0269324
14.11	0.01952	-0.0269956
14.12	0.0192494	-0.0270559
14.13	0.0189783	-0.0271131
14.14	0.0187066	-0.0271673
14.15	0.0184344	-0.0272185
14.16	0.0181618	-0.0272668
14.17	0.0178887	-0.0273121
14.18	0.0176151	-0.0273544
14.19	0.0173412	-0.0273938
14.2	0.0170669	-0.0274302
14.21	0.0167922	-0.0274637
14.22	0.0165173	-0.0274943
14.23	0.0162421	-0.027522
14.24	0.0159666	-0.0275469
14.25	0.0156909	-0.0275688
14.26	0.015415	-0.0275878
14.27	0.015139	-0.0276041
14.28	0.0148628	-0.0276174
14.29	0.0145865	-0.027628
14.3	0.0143102	-0.0276357
14.31	0.0140338	-0.0276406
14.32	0.0137574	-0.0276428
14.33	0.0134809	-0.0276421
14.34	0.0132045	-0.0276387
14.35	0.0129282	-0.0276326
14.36	0.012652	-0.0276237
14.37	0.0123759	-0.0276121
14.38	0.0120999	-0.0275978
14.39	0.0118241	-0.0275808
14.4	0.0115485	-0.0275611
14.41	0.0112731	-0.0275388
14.42	0.0109979	-0.0275138
14.43	0.0107231	-0.0274863
14.44	0.0104485	-0.0274561
14.45	0.0101743	-0.0274233
14.46	0.0099004	-0.0273879
14.47	0.0096269	-0.02735
14.48	0.00935381	-0.0273095
14.49	0.00908114	-0.0272665
14.5	0.00880893	-0.0272209
14.51	0.0085372	-0.0271729
14.52	0.00826598	-0.0271224
14.53	0.00799529	-0.0270695
14.54	0.00772515	-0.0270141
14.55	0.00745558	-0.0269563
14.56	0.00718662	-0.026896
14.57	0.00691829	-0.0268334
14.58	0.0066506	-0.0267684
14.59	0.00638359	-0.0267011
14.6	0.00611728	-0.0266314
14.61	0.00585168	-0.0265595
14.62	0.00558683	-0.0264852
14.63	0.00532275	-0.0264086
14.64	0.00505945	-0.0263298
14.65	0.00479696	-0.0262487
14.66	0.00453531	-0.0261655
14.67	0.00427451	-0.02608
14.68	0.00401458	-0.0259923
14.69	0.00375556	-0.0259025
14.7	0.00349745	-0.0258106
14.71	0.00324029	-0.0257165
14.72	0.00298408	-0.0256203
14.73	0.00272886	-0.025522
14.74	0.00247465	-0.0254217
14.75	0.00222145	-0.0253194
14.76	0.0019693	-0.025215
14.77	0.00171822	-0.0251086
14.78	0.00146821	-0.0250002
14.79	0.00121931	-0.0248899
14.8	0.000971538	-0.0247777
14.81	0.000724903	-0.0246635
14.82	0.000479428	-0.0245474
14.83	0.000235134	-0.0244295
14.84	-7.96329e-06	-0.0243097
14.85	-0.000249844	-0.0241881
14.86	-0.00049049	-0.0240646
14.87	-0.000729884	-0.0239394
14.88	-0.000968008	-0.0238124
14.89	-0.00120484	-0.0236837
14.9	-0.00144038	-0.0235532
14.91	-0.00167459	-0.023421
14.92	-0.00190746	-0.0232872
14.93	-0.00213897	-0.0231517
14.94	-0.00236912	-0.0230145
14.95	-0.00259788	-0.0228757
14.96	-0.00282523	-0.0227354
14.97	-0.00305117	-0.0225935
14.98	-0.00327567	-0.02245
14.99	-0.00349871	-0.022305
15	-0.0037203	-0.0221585
15.01	-0.0039404	-0.0220105
15.02	-0.00415901	-0.021861
15.03	-0.00437612	-0.0217101
15.04	-0.00459169	-0.0215578
15.05	-0.00480573	-0.0214041
15.06	-0.00501822	-0.021249
15.07	-0.00522915	-0.0210926
15.08	-0.0054385	-0.0209348
15.09	-0.00564626	-0.0207758
15.1	-0.00585241	-0.0206154
15.11	-0.00605695	-0.0204538
15.12	-0.00625986	-0.020291
15.13	-0.00646113	-0.0201269
15.14	-0.00666075	-0.0199617
15.15	-0.0068587	-0.0197953
15.16	-0.00705498	-0.0196277
15.17	-0.00724957	-0.019459
15.18	-0.00744246	-0.0192892
15.19	-0.00763364	-0.0191184
15.2	-0.00782311	-0.0189464
15.21	-0.00801084	-0.0187735
15.22	-0.00819684	-0.0185995
15.23	-0.00838108	-0.0184245
15.24	-0.00856357	-0.0182486
15.25	-0.00874428	-0.0180717
15.26	-0.00892322	-0.0178939
15.27	-0.00910038	-0.0177152
15.28	-0.00927573	-0.0175356
15.29	-0.00944928	-0.0173552
15.3	-0.00962102	-0.0171739
15.31	-0.00979094	-0.0169919
15.32	-0.00995903	-0.016809
15.33	-0.0101253	-0.0166253
15.34	-0.0102897	-0.016441
15.35	-0.0104523	-0.0162559
15.36	-0.010613	-0.0160701
15.37	-0.0107718	-0.0158836
15.38	-0.0109288	-0.0156964
15.39	-0.0110838	-0.0155087
15.4	-0.011237	-0.0153203
15.41	-0.0113884	-0.0151313
15.42	-0.0115378	-0.0149418
15.43	-0.0116853	-0.0147517
15.44	-0.0118309	-0.0145611
15.45	-0.0119746	-0.01437
15.46	-0.0121164	-0.0141784
15.47	-0.0122562	-0.0139863
15.48	-0.0123942	-0.0137938
15.49	-0.0125302	-0.0136009
15.5	-0.0126643	-0.0134076
15.51	-0.0127964	-0.0132139
15.52	-0.0129266	-0.0130199
15.53	-0.0130549	-0.0128255
15.54	-0.0131812	-0.0126309
15.55	-0.0133055	-0.0124359
15.56	-0.0134279	-0.0122407
15.57	-0.0135484	-0.0120452
15.58	-0.0136669	-0.0118495
15.59	-0.0137834	-0.0116535
15.6	-0.013898	-0.0114574
15.61	-0.0140106	-0.0112612
15.62	-0.0141213	-0.0110648
15.63	-0.0142299	-0.0108682
15.64	-0.0143367	-0.0106716
15.65	-0.0144414	-0.0104749
15.66	-0.0145442	-0.0102781
15.67	-0.014645	-0.0100812
15.68	-0.0147438	-0.00988438
15.69	-0.0148407	-0.00968752
15.7	-0.0149356	-0.00949068
15.71	-0.0150286	-0.00929387
15.72	-0.0151195	-0.00909712
15.73	-0.0152085	-0.00890043
15.74	-0.0152956	-0.00870385
15.75	-0.0153806	-0.00850737
15.76	-0.0154638	-0.00831103
15.77	-0.0155449	-0.00811484
15.78	-0.0156241	-0.00791881
15.79	-0.0157013	-0.00772298
15.8	-0.0157766	-0.00752735
15.81	-0.0158499	-0.00733195
15.82	-0.0159213	-0.00713679
15.83	-0.0159907	-0.00694189
15.84	-0.0160582	-0.00674727
15.85	-0.0161237	-0.00655296
15.86	-0.0161873	-0.00635895
15.87	-0.0162489	-0.00616529
15.88	-0.0163087	-0.00597197
15.89	-0.0163665	-0.00577902
15.9	-0.0164223	-0.00558646
15.91	-0.0164763	-0.00539431
15.92	-0.0165283	-0.00520257
15.93	-0.0165784	-0.00501128
15.94	-0.0166266	-0.00482044
15.95	-0.0166729	-0.00463007
15.96	-0.0167173	-0.00444019
15.97	-0.0167598	-0.00425082
15.98	-0.0168004	-0.00406196
15.99	-0.0168392	-0.00387365
16	-0.016876	-0.00368589
16.01	-0.016911	-0.0034987
16.02	-0.0169441	-0.0033121
16.03	-0.0169754	-0.00312609
16.04	-0.0170048	-0.00294071
16.05	-0.0170324	-0.00275596
16.06	-0.0170581	-0.00257185
16.07	-0.017082	-0.00238841
16.08	-0.017104	-0.00220565
16.09	-0.0171243	-0.00202358
16.1	-0.0171427	-0.00184222
16.11	-0.0171593	-0.00166159
16.12	-0.0171741	-0.00148168
16.13	-0.0171871	-0.00130254
16.14	-0.0171984	-0.00112415
16.15	-0.0172079	-0.000946546
16.16	-0.0172156	-0.000769735
16.17	-0.0172215	-0.000593731
16.18	-0.0172257	-0.000418547
16.19	-0.0172281	-0.000244198
16.2	-0.0172288	-7.06956e-05
16.21	-0.0172278	0.000101946
16.22	-0.0172251	0.000273714
16.23	-0.0172206	0.000444596
16.24	-0.0172145	0.00061458
16.25	-0.0172066	0.000783652
16.26	-0.0171971	0.0009518
16.27	-0.0171859	0.00111901
16.28	-0.0171731	0.00128528
16.29	-0.0171586	0.00145058
16.3	-0.0171424	0.00161491
16.31	-0.0171246	0.00177826
16.32	-0.0171052	0.00194062
16.33	-0.0170842	0.00210197
16.34	-0.0170616	0.0022623
16.35	-0.0170374	0.0024216
16.36	-0.0170116	0.00257987
16.37	-0.0169842	0.00273709
16.38	-0.0169553	0.00289324
16.39	-0.0169248	0.00304833
16.4	-0.0168928	0.00320234
16.41	-0.0168592	0.00335525
16.42	-0.0168241	0.00350707
16.43	-0.0167876	0.00365777
16.44	-0.0167495	0.00380736
16.45	-0.0167099	0.00395582
16.46	-0.0166689	0.00410314
16.47	-0.0166264	0.00424931
16.48	-0.0165825	0.00439433
16.49	-0.0165371	0.00453818
16.5	-0.0164903	0.00468086
16.51	-0.0164421	0.00482236
16.52	-0.0163924	0.00496267
16.53	-0.0163414	0.00510178
16.54	-0.016289	0.00523969
16.55	-0.0162352	0.00537638
16.56	-0.0161801	0.00551185
16.57	-0.0161237	0.00564609
16.58	-0.0160659	0.0057791
16.59	-0.0160068	0.00591086
16.6	-0.0159464	0.00604137
16.61	-0.0158846	0.00617063
16.62	-0.0158217	0.00629862
16.63	-0.0157574	0.00642535
16.64	-0.0156919	0.00655079
16.65	-0.0156252	0.00667496
16.66	-0.0155572	0.00679784
16.67	-0.015488	0.00691942
16.68	-0.0154176	0.0070397
16.69	-0.015346	0.00715868
16.7	-0.0152732	0.00727634
16.71	-0.0151993	0.0073927
16.72	-0.0151242	0.00750772
16.73	-0.015048	0.00762143
16.74	-0.0149707	0.0077338
16.75	-0.0148922	0.00784484
16.76	-0.0148127	0.00795454
16.77	-0.0147321	0.00806289
16.78	-0.0146504	0.0081699
16.79	-0.0145676	0.00827555
16.8	-0.0144838	0.00837985
16.81	-0.014399	0.00848279
16.82	-0.0143131	0.00858436
16.83	-0.0142263	0.00868457
16.84	-0.0141384	0.00878341
16.85	-0.0140496	0.00888088
16.86	-0.0139599	0.00897697
16.87	-0.0138692	0.00907169
16.88	-0.0137775	0.00916502
16.89	-0.0136849	0.00925697
16.9	-0.0135915	0.00934753
16.91	-0.0134971	0.00943671
16.92	-0.0134018	0.0095245
16.93	-0.0133057	0.00961089
16.94	-0.0132088	0.0096959
16.95	-0.013111	0.00977951
16.96	-0.0130124	0.00986172
16.97	-0.0129129	0.00994253
16.98	-0.0128127	0.0100219
16.99	-0.0127117	0.0101
17	-0.01261	0.0101766
17.01	-0.0125074	0.0102518
17.02	-0.0124042	0.0103256
17.03	-0.0123002	0.010398
17.04	-0.0121955	0.010469
17.05	-0.0120901	0.0105387
17.06	-0.0119841	0.0106069
17.07	-0.0118773	0.0106737
17.08	-0.0117699	0.0107391
17.09	-0.0116619	0.0108031
17.1	-0.0115532	0.0108657
17.11	-0.011444	0.0109269
17.12	-0.0113341	0.0109867
17.13	-0.0112237	0.0110451
17.14	-0.0111126	0.0111021
17.15	-0.0110011	0.0111577
17.16	-0.0108889	0.0112119
17.17	-0.0107763	0.0112648
17.18	-0.0106631	0.0113162
17.19	-0.0105495	0.0113663
17.2	-0.0104353	0.0114149
17.21	-0.0103207	0.0114622
17.22	-0.0102056	0.0115081
17.23	-0.0100901	0.0115526
17.24	-0.00997413	0.0115958
17.25	-0.00985775	0.0116375
17.26	-0.00974097	0.0116779
17.27	-0.0096238	0.0117169
17.28	-0.00950626	0.0117546
17.29	-0.00938835	0.0117909
17.3	-0.00927009	0.0118258
17.31	-0.0091515	0.0118594
17.32	-0.00903258	0.0118916
17.33	-0.00891336	0.0119225
17.34	-0.00879384	0.011952
17.35	-0.00867403	0.0119802
17.36	-0.00855396	0.012007
17.37	-0.00843364	0.0120325
17.38	-0.00831307	0.0120567
17.39	-0.00819228	0.0120795
17.4	-0.00807127	0.012101
17.41	-0.00795005	0.0121213
17.42	-0.00782865	0.0121401
17.43	-0.00770708	0.0121577
17.44	-0.00758534	0.012174
17.45	-0.00746345	0.012189
17.46	-0.00734142	0.0122027
17.47	-0.00721927	0.0122151
17.48	-0.00709701	0.0122262
17.49	-0.00697465	0.012236
17.5	-0.0068522	0.0122446
17.51	-0.00672968	0.0122519
17.52	-0.0066071	0.0122579
17.53	-0.00648447	0.0122627
17.54	-0.00636181	0.0122663
17.55	-0.00623913	0.0122685
17.56	-0.00611643	0.0122696
17.57	-0.00599374	0.0122694
17.58	-0.00587106	0.012268
17.59	-0.0057484	0.0122654
17.6	-0.00562579	0.0122615
17.61	-0.00550322	0.0122565
17.62	-0.00538072	0.0122502
17.63	-0.00525829	0.0122428
17.64	-0.00513595	0.0122342
17.65	-0.00501371	0.0122243
17.66	-0.00489157	0.0122134
17.67	-0.00476956	0.0122012
17.68	-0.00464768	0.0121879
17.69	-0.00452595	0.0121734
17.7	-0.00440437	0.0121578
17.71	-0.00428296	0.0121411
17.72	-0.00416173	0.0121232
17.73	-0.00404068	0.0121042
17.74	-0.00391984	0.0120841
17.75	-0.00379921	0.0120629
17.76	-0.00367881	0.0120405
17.77	-0.00355864	0.0120171
17.78	-0.00343871	0.0119926
17.79	-0.00331904	0.0119671
17.8	-0.00319964	0.0119404
17.81	-0.00308051	0.0119127
17.82	-0.00296167	0.011884
17.83	-0.00284313	0.0118541
17.84	-0.0027249	0.0118233
17.85	-0.00260698	0.0117914
17.86	-0.0024894	0.0117586
17.87	-0.00237215	0.0117247
17.88	-0.00225525	0.0116898
17.89	-0.00213871	0.0116539
17.9	-0.00202254	0.011617
17.91	-0.00190675	0.0115791
17.92	-0.00179135	0.0115403
17.93	-0.00167634	0.0115005
17.94	-0.00156175	0.0114598
17.95	-0.00144757	0.0114181
17.96	-0.00133381	0.0113755
17.97	-0.00122049	0.0113319
17.98	-0.00110762	0.0112875
17.99	-0.000995196	0.0112421
18	-0.000883237	0.0111958
18.01	-0.00077175	0.0111487
18.02	-0.000660744	0.0111007
18.03	-0.000550226	0.0110518
18.04	-0.000440206	0.011002
18.05	-0.000330691	0.0109514
18.06	-0.000221692	0.0109
18.07	-0.000113215	0.0108477
18.08	-5.26916e-06	0.0107946
18.09	0.000102137	0.0107407
18.1	0.000208997	0.0106859
18.11	0.000315301	0.0106304
18.12	0.000421042	0.0105741
18.13	0.000526212	0.010517
18.14	0.000630804	0.0104592
18.15	0.00073481	0.0104006
18.16	0.000838222	0.0103412
18.17	0.000941033	0.0102811
18.18	0.00104324	0.0102203
18.19	0.00114482	0.0101588
18.2	0.00124579	0.0100965
18.21	0.00134613	0.0100336
18.22	0.00144583	0.00996997
18.23	0.00154488	0.00990567
18.24	0.00164329	0.00984069
18.25	0.00174104	0.00977505
18.26	0.00183813	0.00970877
18.27	0.00193455	0.00964184
18.28	0.00203029	0.00957429
18.29	0.00212535	0.00950611
18.3	0.00221972	0.00943733
18.31	0.0023134	0.00936794
18.32	0.00240638	0.00929797
18.33	0.00249866	0.00922742
18.34	0.00259022	0.00915629
18.35	0.00268107	0.00908461
18.36	0.00277119	0.00901238
18.37	0.00286059	0.0089396
18.38	0.00294925	0.0088663
18.39	0.00303717	0.00879247
18.4	0.00312435	0.00871814
18.41	0.00321079	0.00864331
18.42	0.00329647	0.00856798
18.43	0.00338139	0.00849218
18.44	0.00346555	0.0084159
18.45	0.00354894	0.00833917
18.46	0.00363156	0.00826198
18.47	0.0037134	0.00818436
18.48	0.00379447	0.0081063
18.49	0.00387474	0.00802782
18.5	0.00395423	0.00794894
18.51	0.00403293	0.00786965
18.52	0.00411083	0.00778997
18.53	0.00418793	0.00770992
18.54	0.00426422	0.00762949
18.55	0.00433971	0.0075487
18.56	0.00441439	0.00746756
18.57	0.00448825	0.00738607
18.58	0.00456129	0.00730426
18.59	0.00463351	0.00722213
18.6	0.00470491	0.00713968
18.61	0.00477548	0.00705693
18.62	0.00484522	0.00697389
18.63	0.00491412	0.00689057
18.64	0.00498219	0.00680698
18.65	0.00504942	0.00672312
18.66	0.00511581	0.00663901
18.67	0.00518136	0.00655466
18.68	0.00524606	0.00647007
18.69	0.00530991	0.00638526
18.7	0.00537292	0.00630024
18.71	0.00543507	0.00621501
18.72	0.00549636	0.00612958
18.73	0.0055568	0.00604397
18.74	0.00561638	0.00595818
18.75	0.0056751	0.00587223
18.76	0.00573297	0.00578611
18.77	0.00578996	0.00569985
18.78	0.0058461	0.00561345
18.79	0.00590137	0.00552693
18.8	0.00595577	0.00544028
18.81	0.00600931	0.00535352
18.82	0.00606197	0.00526666
18.83	0.00611377	0.0051797
18.84	0.0061647	0.00509267
18.85	0.00621475	0.00500556
18.86	0.00626394	0.00491838
18.87	0.00631225	0.00483115
18.88	0.00635969	0.00474387
18.89	0.00640625	0.00465656
18.9	0.00645194	0.00456921
18.91	0.00649676	0.00448185
18.92	0.00654071	0.00439447
18.93	0.00658378	0.00430709
18.94	0.00662598	0.00421972
18.95	0.0066673	0.00413236
18.96	0.00670775	0.00404502
18.97	0.00674733	0.00395772
18.98	0.00678603	0.00387046
18.99	0.00682386	0.00378325
19	0.00686082	0.00369609
19.01	0.00689691	0.003609
19.02	0.00693213	0.00352199
19.03	0.00696648	0.00343506
19.04	0.00699997	0.00334822
19.05	0.00703258	0.00326148
19.06	0.00706433	0.00317484
19.07	0.00709521	0.00308833
19.08	0.00712523	0.00300193
19.09	0.00715439	0.00291567
19.1	0.00718268	0.00282955
19.11	0.00721012	0.00274357
19.12	0.0072367	0.00265775
19.13	0.00726242	0.0025721
19.14	0.00728729	0.00248661
19.15	0.0073113	0.00240131
19.16	0.00733446	0.00231619
19.17	0.00735677	0.00223126
19.18	0.00737824	0.00214654
19.19	0.00739886	0.00206202
19.2	0.00741864	0.00197773
19.21	0.00743757	0.00189365
19.22	0.00745567	0.00180981
19.23	0.00747293	0.0017262
19.24	0.00748936	0.00164284
19.25	0.00750496	0.00155973
19.26	0.00751973	0.00147688
19.27	0.00753367	0.0013943
19.28	0.00754679	0.00131199
19.29	0.00755909	0.00122997
19.3	0.00757057	0.00114823
19.31	0.00758124	0.00106678
19.32	0.0075911	0.000985633
19.33	0.00760014	0.000904794
19.34	0.00760839	0.000824268
19.35	0.00761583	0.000744063
19.36	0.00762247	0.000664184
19.37	0.00762832	0.000584639
19.38	0.00763337	0.000505432
19.39	0.00763764	0.000426572
19.4	0.00764112	0.000348062
19.41	0.00764382	0.000269911
19.42	0.00764574	0.000192123
19.43	0.00764688	0.000114705
19.44	0.00764726	3.76628e-05
19.45	0.00764687	-3.89981e-05
19.46	0.00764572	-0.000115272
19.47	0.00764381	-0.000191153
19.48	0.00764114	-0.000266635
19.49	0.00763772	-0.000341713
19.5	0.00763356	-0.000416382
19.51	0.00762865	-0.000490636
19.52	0.00762301	-0.000564469
19.53	0.00761663	-0.000637877
19.54	0.00760952	-0.000710853
19.55	0.00760169	-0.000783394
19.56	0.00759313	-0.000855494
19.57	0.00758386	-0.000927148
19.58	0.00757388	-0.000998351
19.59	0.00756319	-0.0010691
19.6	0.00755179	-0.00113938
19.61	0.0075397	-0.00120921
19.62	0.00752691	-0.00127856
19.63	0.00751344	-0.00134743
19.64	0.00749928	-0.00141583
19.65	0.00748444	-0.00148374
19.66	0.00746893	-0.00155117
19.67	0.00745275	-0.0016181
19.68	0.00743591	-0.00168454
19.69	0.0074184	-0.00175048
19.7	0.00740024	-0.00181591
19.71	0.00738143	-0.00188083
19.72	0.00736198	-0.00194524
19.73	0.00734189	-0.00200913
19.74	0.00732116	-0.00207251
19.75	0.00729981	-0.00213536
19.76	0.00727783	-0.00219768
19.77	0.00725524	-0.00225947
19.78	0.00723203	-0.00232072
19.79	0.00720822	-0.00238144
19.8	0.0071838	-0.00244161
19.81	0.00715879	-0.00250124
19.82	0.00713319	-0.00256033
19.83	0.007107	-0.00261886
19.84	0.00708023	-0.00267683
19.85	0.00705289	-0.00273425
19.86	0.00702498	-0.00279111
19.87	0.0069965	-0.0028474
19.88	0.00696747	-0.00290313
19.89	0.00693789	-0.00295829
19.9	0.00690776	-0.00301288
19.91	0.00687709	-0.00306689
19.92	0.00684589	-0.00312033
19.93	0.00681415	-0.00317318
19.94	0.0067819	-0.00322546
19.95	0.00674913	-0.00327715
19.96	0.00671585	-0.00332826
19.97	0.00668206	-0.00337877
19.98	0.00664777	-0.0034287
19.99	0.00661299	-0.00347803
