0	34.7556	35.4124	1
1	38.8249	39.2202	1
2	1.8259	38.8724	1
3	5.82262	34.9873	1
4	7.0829	37.9298	1
5	1.09003	39.9406	1
6	8.06739	37.5806	1
7	11.9275	5.1045	1
8	17.7111	0.711535	1
9	4.57135	1.67269	1
10	17.9776	39.6857	1
11	18.85	0.534963	1
12	13.075	39.2186	1
13	17.3053	36.0809	1
14	13.2076	3.15723	1
15	13.5206	0.442776	1
16	14.142	39.4319	1
17	21.6871	39.6668	1
18	22.4296	33.6564	1
19	27.1346	37.312	1
20	25.8249	39.714	1
21	26.9102	0.137506	1
22	27.7789	30.8097	1
23	26.6682	3.26448	1
24	27.8746	38.0499	1
25	30.3651	34.2674	1
26	27.3431	34.292	1
27	31.968	38.0233	1
28	31.0335	37.494	1
29	27.8979	35.2639	1
30	34.6062	0.0216772	1
31	32.1164	35.7647	1
32	36.2391	36.8526	1
33	3.27351	38.2107	1
34	39.0491	5.99467	1
35	7.05807	0.789073	1
36	4.28497	36.3315	1
37	8.07603	32.2165	1
38	8.27904	6.84695	1
39	6.8167	3.86354	1
40	5.53851	5.73168	1
41	5.49395	2.35821	1
42	14.5457	38.3545	1
43	9.40519	1.5374	1
44	8.98177	4.57021	1
45	15.6691	38.3296	1
46	16.8956	38.9383	1
47	10.2843	0.515838	1
48	17.3362	3.85684	1
49	14.5906	5.11635	1
50	16.1152	2.1468	1
51	24.8033	39.3223	1
52	21.5071	36.6356	1
53	20.8413	37.6038	1
54	26.599	2.10127	1
55	29.4172	36.7845	1
56	22.337	38.6807	1
57	23.9894	2.28326	1
58	24.9254	2.97494	1
59	24.5817	4.19799	1
60	27.3956	36.2631	1
61	29.9815	37.6913	1
62	29.4435	1.09118	1
63	0.314634	0.784441	1
64	35.566	37.6822	1
65	32.4664	34.725	1
66	39.6571	38.4973	1
67	36.6594	38.0154	1
68	1.25624	32.2225	1
69	39.9276	37.3274	1
70	33.5656	39.5417	1
71	0.76685	1.88729	1
72	2.57906	4.4454	1
73	3.8124	35.0137	1
74	4.30334	2.94527	1
75	6.27765	1.59719	1
76	0.469147	3.97834	1
77	8.02929	0.0353282	1
78	10.8656	39.3716	1
79	7.69255	3.13569	1
80	11.9901	8.78213	1
81	20.5199	39.4975	1
82	15.1255	1.52234	1
83	14.0766	1.39885	1
84	14.6014	3.59981	1
85	15.4155	4.2977	1
86	17.1067	6.99449	1
87	23.0864	37.881	1
88	23.1129	0.751572	1
89	22.5834	5.07711	1
90	17.4637	5.04875	1
91	27.6021	2.50071	1
92	30.4192	0.707439	1
93	22.625	3.88589	1
94	26.0938	0.887736	1
95	30.6665	38.5579	1
96	30.7144	4.27152	1
97	29.6185	38.8801	1
98	28.3027	36.9715	1
99	2.26073	36.6099	1
100	36.5561	39.0865	1
101	28.8777	5.46331	1
102	36.7577	1.12644	1
103	39.6339	36.3017	1
104	38.6862	2.49895	1
105	5.89046	36.1427	1
106	32.0287	36.8488	1
107	2.22636	0.0727803	1
108	3.21223	36.0003	1
109	3.1307	2.43592	1
110	0.703349	8.99785	1
111	7.83068	4.18571	1
112	4.58944	4.00928	1
113	9.15585	0.460659	1
114	13.0816	5.0888	1
115	13.6515	6.00325	1
116	14.6829	0.482447	1
117	16.1857	3.24651	1
118	17.2923	2.74994	1
119	21.6025	3.42415	1
120	18.4149	3.23347	1
121	21.4712	2.355	1
122	18.4462	4.51256	1
123	19.5862	2.4763	1
124	15.2467	2.6837	1
125	25.0164	0.5063	1
126	20.6457	4.08441	1
127	23.585	3.29503	1
128	26.7828	4.31043	1
129	31.6565	39.1721	1
130	28.5036	8.74936	1
131	34.5406	3.29647	1
132	31.418	0.30831	1
133	28.965	37.8914	1
134	35.7677	35.7341	1
135	36.6062	3.43638	1
136	33.8775	4.19824	1
137	39.9731	39.6662	1
138	38.6992	1.38709	1
139	38.2813	6.92245	1
140	1.89781	2.21811	1
141	0.718235	38.9074	1
142	4.64268	5.15431	1
143	4.23691	37.5092	1
144	2.4236	3.32325	1
145	3.46752	3.6615	1
146	10.2274	4.78441	1
147	10.2294	35.6255	1
148	5.52945	4.57549	1
149	12.3877	0.0835674	1
150	8.67264	3.48013	1
151	12.6136	4.10416	1
152	14.7455	6.24286	1
153	16.4557	4.57779	1
154	16.2474	9.87675	1
155	15.6628	5.36867	1
156	24.1554	1.17191	1
157	19.5303	1.43774	1
158	23.9897	0.0385481	1
159	28.6308	2.99458	1
160	29.5416	2.21982	1
161	30.5228	39.5886	1
162	29.4177	39.9747	1
163	28.8353	11.8419	1
164	32.6888	38.8058	1
165	28.2872	6.43561	1
166	28.4961	1.78247	1
167	30.676	5.49008	1
168	30.9444	6.60818	1
169	31.7596	3.72303	1
170	30.3592	7.50208	1
171	34.7179	38.8433	1
172	37.5659	4.06756	1
173	38.6353	38.0637	1
174	0.926956	5.05525	1
175	38.9929	9.86764	1
176	1.45117	1.01334	1
177	7.36015	1.96163	1
178	4.39247	0.51902	1
179	5.76983	3.47323	1
180	13.7142	4.23446	1
181	10.9618	9.11425	1
182	8.54806	9.33839	1
183	0.132777	2.91217	1
184	8.30639	5.52444	1
185	13.1656	1.93683	1
186	9.79074	3.70183	1
187	12.8958	9.53378	1
188	16.6494	5.72924	1
189	24.7097	12.275	1
190	12.8658	8.15768	1
191	19.1026	9.82903	1
192	22.6434	7.49188	1
193	18.262	7.03637	1
194	19.5855	3.52551	1
195	27.2931	5.84798	1
196	27.7831	3.74772	1
197	28.8387	4.34373	1
198	29.8544	10.6935	1
199	32.799	10.4179	1
200	30.5842	3.15781	1
201	27.9586	10.0394	1
202	37.5646	38.7636	1
203	35.6412	2.92013	1
204	34.97	4.36569	1
205	31.664	7.56877	1
206	32.6028	6.81684	1
207	37.6711	1.78608	1
208	38.8764	7.92906	1
209	39.0836	0.366664	1
210	34.7434	7.50329	1
211	37.6845	7.96025	1
212	1.35712	6.09623	1
213	0.0930939	9.96053	1
214	3.6409	4.74572	1
215	4.72981	6.56987	1
216	11.4842	6.56611	1
217	9.86919	10.7792	1
218	9.50659	5.5933	1
219	9.54206	2.60137	1
220	7.69589	10.1559	1
221	6.5957	2.76782	1
222	10.4282	8.13786	1
223	9.87774	9.56512	1
224	14.7198	7.39366	1
225	20.2232	13.6218	1
226	19.6536	4.74383	1
227	19.5286	7.11043	1
228	20.7195	14.6239	1
229	19.0747	6.11198	1
230	27.3467	7.01991	1
231	22.6531	6.30089	1
232	30.6058	2.00813	1
233	29.1937	9.6832	1
234	27.011	8.06134	1
235	30.8957	14.092	1
236	31.9262	5.98243	1
237	32.0224	8.64824	1
238	29.2503	7.2299	1
239	29.6148	8.58118	1
240	34.2285	5.20931	1
241	36.5853	2.2485	1
242	33.4866	5.9945	1
243	37.5928	2.92693	1
244	0.119543	5.96821	1
245	1.58626	4.10842	1
246	39.5406	8.91729	1
247	1.24724	3.0538	1
248	7.50596	9.07889	1
249	2.40409	8.01528	1
250	9.36019	7.34045	1
251	8.22402	8.13348	1
252	9.09617	14.1228	1
253	5.94025	10.7936	1
254	13.541	7.05219	1
255	9.28315	8.46799	1
256	12.4502	7.08131	1
257	17.2282	9.42125	1
258	12.4115	5.9972	1
259	18.7116	12.1473	1
260	26.2084	7.32885	1
261	23.522	14.1275	1
262	18.2421	9.01701	1
263	20.6276	5.25418	1
264	23.6345	5.69303	1
265	20.5416	2.99139	1
266	24.617	5.2691	1
267	23.7117	6.84531	1
268	25.8303	12.215	1
269	30.2662	9.53579	1
270	31.5772	14.9237	1
271	27.8452	12.2261	1
272	37.4071	39.9837	1
273	35.9495	11.4386	1
274	29.8001	4.86968	1
275	32.9888	7.84328	1
276	37.0497	11.7868	1
277	36.3891	13.6346	1
278	37.8956	9.95626	1
279	31.7518	4.83664	1
280	1.26128	14.9748	1
281	3.77961	5.82135	1
282	2.08995	6.98512	1
283	39.5359	6.99384	1
284	2.69806	11.7283	1
285	6.51526	9.51791	1
286	1.25765	8.06292	1
287	12.3903	11.9071	1
288	10.4087	7.09221	1
289	8.08452	11.2233	1
290	8.22681	12.3713	1
291	4.81666	10.5951	1
292	17.6347	8.13825	1
293	13.9733	11.8419	1
294	20.9038	10.1405	1
295	19.9586	10.5959	1
296	20.0738	15.7048	1
297	19.326	13.1018	1
298	20.5173	6.36908	1
299	22.4919	2.74494	1
300	21.6396	4.5722	1
301	21.6452	5.72255	1
302	23.5347	4.51542	1
303	26.9282	10.4294	1
304	30.9473	8.48098	1
305	32.9776	11.605	1
306	31.0553	12.8509	1
307	32.582	14.6132	1
308	37.2928	9.01579	1
309	37.3483	14.0564	1
310	35.2724	5.46566	1
311	32.9633	4.99867	1
312	39.3388	10.9421	1
313	36.5831	8.17741	1
314	37.0945	6.88408	1
315	2.30666	14.8834	1
316	38.2598	10.9592	1
317	5.8241	8.55293	1
318	1.24199	9.95183	1
319	2.62888	5.81288	1
320	2.82256	9.94244	1
321	3.35115	0.0769556	1
322	11.3727	12.3522	1
323	12.0623	14.1609	1
324	13.9732	8.25213	1
325	13.6832	15.7679	1
326	8.79496	10.4231	1
327	13.7106	10.6782	1
328	17.8343	13.1788	1
329	18.754	8.04986	1
330	18.9308	11.0655	1
331	26.398	13.1141	1
332	22.3038	15.2939	1
333	20.1536	9.37955	1
334	20.5846	7.47459	1
335	25.8896	8.38713	1
336	21.6524	6.88691	1
337	27.8233	4.89063	1
338	30.0163	12.298	1
339	29.7722	6.14412	1
340	33.077	12.7549	1
341	33.4658	18.4807	1
342	32.1561	13.5155	1
343	36.9589	10.6194	1
344	34.0461	11.9743	1
345	35.1176	12.2639	1
346	3.05614	15.7981	1
347	33.8839	10.8774	1
348	3.03434	12.8407	1
349	0.668655	6.94115	1
350	35.8436	6.57387	1
351	0.0406573	11.8652	1
352	0.120317	8.00328	1
353	4.68452	8.74096	1
354	3.27927	6.81518	1
355	1.95763	9.15138	1
356	4.90407	12.8018	1
357	4.96714	11.6934	1
358	9.33965	11.8192	1
359	10.4758	11.6832	1
360	8.9966	17.8357	1
361	10.8426	10.2384	1
362	11.8722	9.88443	1
363	15.3802	19.6154	1
364	16.5546	7.98671	1
365	19.8244	8.26298	1
366	25.8353	14.2178	1
367	21.5955	7.94205	1
368	24.6141	14.4041	1
369	25.6879	3.83992	1
370	26.0153	11.1004	1
371	27.7795	11.1366	1
372	25.0257	7.58065	1
373	27.4329	13.4579	1
374	33.1405	8.99312	1
375	29.0863	12.8671	1
376	28.8161	10.7026	1
377	31.5079	16.0513	1
378	32.0652	12.337	1
379	35.6785	14.456	1
380	34.9587	11.0883	1
381	34.2268	13.0733	1
382	3.90733	12.1519	1
383	36.2053	12.5581	1
384	39.9174	16.8098	1
385	36.8138	15.0031	1
386	0.781442	12.8	1
387	3.80237	11.0323	1
388	5.3646	9.63987	1
389	7.13532	12.5801	1
390	2.29393	18.0241	1
391	6.91247	8.15779	1
392	13.1989	12.5688	1
393	6.98154	11.4526	1
394	9.20275	12.9702	1
395	10.273	12.8118	1
396	18.0501	10.2027	1
397	13.1169	13.8204	1
398	11.4556	7.81345	1
399	17.8816	11.3427	1
400	20.8545	11.2645	1
401	24.0493	13.1926	1
402	18.6729	17.3154	1
403	27.0285	9.35614	1
404	23.396	12.2352	1
405	23.747	9.5015	1
406	25.1831	13.3101	1
407	25.9263	9.54819	1
408	30.1445	17.5296	1
409	28.1029	17.0719	1
410	21.9654	10.5688	1
411	31.3281	17.2781	1
412	32.3402	19.0703	1
413	33.6472	14.9356	1
414	35.1175	16.407	1
415	35.2749	13.352	1
416	34.4885	14.1129	1
417	37.062	17.5027	1
418	1.29124	11.8207	1
419	33.7417	7.07321	1
420	1.25626	18.463	1
421	38.3643	8.88843	1
422	1.44011	21.5916	1
423	1.71722	13.8937	1
424	3.43566	14.7841	1
425	4.01704	9.82879	1
426	4.9128	16.4338	1
427	3.29895	8.86269	1
428	11.0862	13.5527	1
429	3.70487	16.6484	1
430	14.5863	18.7579	1
431	12.7707	15.1336	1
432	14.3112	19.9632	1
433	16.9137	10.6998	1
434	16.1219	17.34	1
435	19.5483	14.6577	1
436	19.8208	11.8941	1
437	27.5478	15.2613	1
438	26.3976	15.2259	1
439	17.3948	15.5637	1
440	26.8648	11.7672	1
441	17.5954	17.0733	1
442	26.4211	17.1703	1
443	25.2432	15.1934	1
444	30.5407	15.2849	1
445	28.3591	15.976	1
446	28.5351	19.0036	1
447	33.1854	19.7235	1
448	29.7067	18.6964	1
449	30.0415	13.3912	1
450	38.3815	14.4731	1
451	2.02122	10.7957	1
452	1.9568	12.6912	1
453	34.591	6.29703	1
454	5.6295	17.2458	1
455	2.63136	16.899	1
456	0.0766201	18.7211	1
457	10.6349	19.247	1
458	6.58247	18.1965	1
459	5.18285	13.8515	1
460	12.2505	13.036	1
461	6.07477	13.1499	1
462	11.0089	18.1229	1
463	7.04726	13.5813	1
464	4.18338	15.6405	1
465	11.8199	17.4228	1
466	18.4423	16.2233	1
467	12.6351	10.6765	1
468	5.2579	15.2191	1
469	13.8258	16.9455	1
470	18.4602	15.115	1
471	23.8315	15.2313	1
472	16.498	14.8112	1
473	20.6763	16.6067	1
474	21.4807	17.4241	1
475	28.5469	14.8051	1
476	30.3757	16.4541	1
477	21.0113	20.9044	1
478	27.1035	16.3014	1
479	29.3974	15.6176	1
480	32.2775	17.9342	1
481	33.3879	13.8172	1
482	32.3482	16.8679	1
483	29.252	16.8007	1
484	37.8214	15.5132	1
485	34.7794	15.2283	1
486	35.8647	15.5497	1
487	37.3397	12.8616	1
488	37.1295	20.8109	1
489	0.6986	16.0517	1
490	5.99965	12.0443	1
491	8.59416	18.9031	1
492	4.39031	18.7276	1
493	7.67296	21.0163	1
494	10.8908	16.9015	1
495	3.14547	18.8684	1
496	10.2794	15.6834	1
497	11.4442	11.2029	1
498	10.1126	14.5111	1
499	15.7725	18.5154	1
500	7.49657	19.1952	1
501	17.2016	20.3623	1
502	13.8751	21.7395	1
503	15.4876	14.9486	1
504	20.092	19.0265	1
505	14.0288	13.2376	1
506	21.2235	15.6182	1
507	21.903	16.3844	1
508	21.0877	19.697	1
509	24.6311	16.08	1
510	23.0508	16.1226	1
511	21.201	18.5804	1
512	27.8421	18.1562	1
513	20.3373	17.9004	1
514	26.9984	21.8199	1
515	32.7535	15.861	1
516	36.8447	16.0751	1
517	32.0937	20.1536	1
518	34.506	17.4279	1
519	34.0196	21.6707	1
520	38.39	13.3325	1
521	39.3741	17.7954	1
522	33.369	17.3898	1
523	1.90005	15.9408	1
524	38.8677	16.8987	1
525	4.57458	17.5387	1
526	1.6984	20.2537	1
527	4.87217	24.4155	1
528	5.22034	19.427	1
529	3.37875	17.7217	1
530	10.6123	20.3606	1
531	9.6557	19.6658	1
532	11.1475	14.8647	1
533	12.4059	16.3753	1
534	10.4893	22.4421	1
535	12.9002	17.6537	1
536	16.2679	22.438	1
537	14.8723	17.6683	1
538	14.7569	20.9904	1
539	16.3345	15.9466	1
540	18.7047	19.0793	1
541	17.5936	14.4293	1
542	18.5944	13.9618	1
543	21.9974	20.3638	1
544	25.7663	16.2372	1
545	22.3537	18.3487	1
546	28.9642	17.9056	1
547	25.0967	17.151	1
548	25.2777	20.3905	1
549	31.2708	24.0209	1
550	33.5396	27.7975	1
551	27.9481	21.2719	1
552	32.5794	24.7422	1
553	31.903	21.3597	1
554	31.2723	19.4352	1
555	38.0994	12.0725	1
556	39.142	12.5201	1
557	35.9579	19.2711	1
558	1.43992	17.0431	1
559	36.2232	18.2173	1
560	36.9568	19.7124	1
561	0.562617	17.6872	1
562	2.42894	21.0462	1
563	5.98901	20.363	1
564	8.17271	13.5464	1
565	6.33841	19.2895	1
566	12.0704	18.4789	1
567	8.28008	20.0152	1
568	14.468	23.9282	1
569	12.6043	21.6499	1
570	15.3211	23.1067	1
571	14.7694	25.1168	1
572	11.5681	20.905	1
573	19.1213	20.7448	1
574	17.042	21.5166	1
575	9.87143	18.4584	1
576	13.9713	14.5632	1
577	17.5143	19.2625	1
578	24.1964	20.7457	1
579	19.3207	18.1904	1
580	21.8444	23.2227	1
581	27.8391	22.4348	1
582	27.1301	20.5611	1
583	26.305	19.9033	1
584	26.012	22.2466	1
585	28.8159	21.9251	1
586	34.6441	27.692	1
587	33.1102	22.7998	1
588	35.0226	21.1163	1
589	36.0994	16.8842	1
590	34.5806	25.7344	1
591	33.8454	16.2716	1
592	34.2935	19.271	1
593	38.94	18.7657	1
594	39.5494	20.8699	1
595	39.5749	19.7252	1
596	38.3361	20.5789	1
597	2.87799	20.0225	1
598	7.90142	23.018	1
599	6.86595	21.8187	1
600	0.870427	19.4403	1
601	2.69155	24.5969	1
602	9.38539	22.6344	1
603	11.746	19.647	1
604	15.4057	26.0948	1
605	13.4335	23.6625	1
606	15.945	31.3489	1
607	11.1976	23.2691	1
608	16.4403	19.41	1
609	19.0058	30.8411	1
610	18.0066	18.1616	1
611	18.2073	20.0698	1
612	20.7542	25.9371	1
613	19.0108	21.8608	1
614	21.0379	22.1679	1
615	25.4431	19.1444	1
616	26.9013	23.006	1
617	29.3264	19.7226	1
618	28.9522	20.7741	1
619	33.0536	20.8157	1
620	29.8709	25.6764	1
621	29.3716	28.7408	1
622	32.2572	23.6387	1
623	36.8446	25.6186	1
624	33.4161	25.8371	1
625	38.193	17.7966	1
626	37.7769	16.6949	1
627	36.2076	24.6913	1
628	0.343925	21.5808	1
629	38.645	21.6046	1
630	5.49762	18.363	1
631	38.4291	24.41	1
632	0.451989	25.1353	1
633	2.97907	26.6561	1
634	3.0652	22.1436	1
635	7.08964	20.1519	1
636	7.62625	24.1281	1
637	11.3664	15.9387	1
638	9.71444	24.602	1
639	12.3043	23.3735	1
640	10.5698	28.9264	1
641	15.0183	22.0812	1
642	17.737	26.9166	1
643	14.251	22.839	1
644	16.9014	18.3464	1
645	13.1695	22.6711	1
646	19.682	25.4482	1
647	23.0625	20.8772	1
648	20.0568	21.4527	1
649	27.6259	25.0701	1
650	25.2782	23.8144	1
651	26.1488	21.0709	1
652	28.5935	24.537	1
653	28.1233	20.1196	1
654	30.9498	27.5825	1
655	31.5759	25.0464	1
656	32.6621	28.5485	1
657	28.7046	29.6272	1
658	38.1142	19.5182	1
659	0.891819	28.8801	1
660	35.0511	18.4414	1
661	34.0072	26.8138	1
662	35.0458	24.7255	1
663	37.3584	18.625	1
664	35.0713	20.0262	1
665	35.1552	22.2213	1
666	0.934145	22.6323	1
667	6.00347	26.3074	1
668	2.05819	22.5843	1
669	8.92933	23.7624	1
670	7.77618	18.1166	1
671	5.49074	23.3948	1
672	11.6713	22.2964	1
673	12.9333	25.804	1
674	10.4592	25.4374	1
675	20.5316	24.4319	1
676	18.3859	25.0387	1
677	12.3986	26.8046	1
678	19.9005	22.4848	1
679	17.8504	22.2485	1
680	18.772	27.1686	1
681	21.9463	21.5787	1
682	25.0741	21.5634	1
683	23.7479	16.9355	1
684	26.6059	25.5778	1
685	22.8018	26.2059	1
686	25.8553	28.4632	1
687	24.6816	24.7378	1
688	27.3289	19.181	1
689	25.1128	25.7334	1
690	29.7878	27.7018	1
691	30.2947	26.6897	1
692	33.3015	23.9312	1
693	32.3156	25.8813	1
694	34.7289	29.6055	1
695	37.3546	24.6347	1
696	33.8585	31.1837	1
697	38.2924	27.3038	1
698	36.0535	20.4491	1
699	35.6785	25.7172	1
700	5.16098	27.8577	1
701	37.9858	25.4383	1
702	6.50062	24.0981	1
703	3.77086	24.3456	1
704	5.86233	22.2094	1
705	6.60769	22.9779	1
706	14.0257	25.8744	1
707	8.79937	30.4261	1
708	13.8265	30.4665	1
709	17.0756	27.8067	1
710	16.4967	26.4047	1
711	16.9206	31.9722	1
712	17.5211	25.7562	1
713	15.8712	25.1174	1
714	19.1507	29.6758	1
715	18.5578	26.1372	1
716	22.9702	23.488	1
717	20.0655	20.2052	1
718	22.6675	17.2377	1
719	23.9141	21.8226	1
720	24.3531	19.6336	1
721	23.2651	30.1031	1
722	25.7715	24.8302	1
723	27.52	27.7131	1
724	24.8117	22.6033	1
725	26.7348	24.0586	1
726	31.954	27.2083	1
727	28.1495	26.7663	1
728	31.2238	26.2418	1
729	32.0015	22.4876	1
730	35.8534	29.5886	1
731	39.8765	26.1083	1
732	0.550001	20.3988	1
733	38.8029	26.2323	1
734	3.43693	25.4354	1
735	3.22	28.7979	1
736	1.57803	24.9055	1
737	6.18846	27.3951	1
738	3.14998	23.3558	1
739	6.99488	25.1728	1
740	4.33158	23.3798	1
741	13.718	24.8017	1
742	11.3646	26.0236	1
743	9.41096	26.0037	1
744	14.5686	26.8861	1
745	16.3355	28.5917	1
746	19.7782	27.6021	1
747	18.6835	33.0763	1
748	16.9204	30.8207	1
749	17.9001	31.3626	1
750	23.4343	24.6689	1
751	25.0906	27.6274	1
752	24.1754	23.7189	1
753	23.7593	26.7895	1
754	20.7168	23.1876	1
755	21.7716	26.5728	1
756	23.9292	31.0334	1
757	20.6455	28.1893	1
758	29.1984	26.6645	1
759	26.9679	28.6559	1
760	33.7391	28.979	1
761	31.804	31.3961	1
762	30.7857	29.6601	1
763	39.4244	27.1202	1
764	35.7902	27.6958	1
765	35.2542	28.6166	1
766	34.0875	20.4466	1
767	32.9296	26.8254	1
768	35.992	21.5607	1
769	2.34439	25.7003	1
770	6.17384	28.4573	1
771	8.58514	29.1266	1
772	4.0888	26.2885	1
773	4.93418	25.6663	1
774	8.3915	27.8101	1
775	2.00987	23.7322	1
776	8.283	25.5566	1
777	10.8598	24.3039	1
778	10.0433	23.4857	1
779	18.0946	21.1235	1
780	18.0821	28.0662	1
781	19.2931	39.3032	1
782	20.8554	31.0603	1
783	18.8406	31.9098	1
784	19.1528	28.5416	1
785	20.7945	27.13	1
786	21.6392	27.765	1
787	19.7646	26.5529	1
788	20.0654	30.396	1
789	21.758	31.7269	1
790	20.2983	29.3077	1
791	28.0881	28.648	1
792	22.3039	29.6294	1
793	22.5692	32.5207	1
794	27.9037	23.6994	1
795	31.7088	30.1991	1
796	25.3461	29.4837	1
797	36.8002	31.9603	1
798	33.735	30.1119	1
799	34.8911	30.7201	1
800	0.0688799	32.9465	1
801	39.2204	25.2371	1
802	1.18758	25.9466	1
803	0.104777	28.0327	1
804	2.08251	28.7448	1
805	5.08087	26.8153	1
806	9.41512	28.3334	1
807	1.41692	27.8794	1
808	4.09929	27.3291	1
809	2.10745	19.2031	1
810	7.41174	27.2981	1
811	5.86673	24.9913	1
812	12.7581	31.0346	1
813	11.8538	29.0407	1
814	13.3366	27.4664	1
815	15.1555	32.1521	1
816	16.1134	36.2656	1
817	16.0578	30.1424	1
818	23.8975	25.6779	1
819	20.5083	33.4288	1
820	26.4262	29.6227	1
821	26.8359	26.6936	1
822	23.4534	29.0252	1
823	19.8343	31.534	1
824	20.3518	34.5985	1
825	21.5231	32.9891	1
826	26.2866	36.4147	1
827	24.5617	33.2141	1
828	28.6718	27.7436	1
829	30.1166	33.2067	1
830	29.8854	31.3993	1
831	31.0293	32.318	1
832	37.4536	29.3558	1
833	32.7804	30.7274	1
834	36.5016	28.6121	1
835	37.6775	31.3299	1
836	37.0443	33.0179	1
837	36.3092	26.6767	1
838	39.0003	28.1602	1
839	4.25984	28.4394	1
840	39.6923	29.0416	1
841	9.3866	27.1978	1
842	7.63284	28.617	1
843	1.8635	26.7996	1
844	10.6747	30.1699	1
845	11.528	32.7273	1
846	12.7088	29.8417	1
847	14.3094	35.2557	1
848	11.5888	31.5687	1
849	11.4538	35.0784	1
850	7.38697	26.2036	1
851	12.5438	32.103	1
852	17.9971	30.257	1
853	21.5302	28.9161	1
854	21.2185	38.6854	1
855	19.7411	32.6796	1
856	23.6237	27.9181	1
857	21.1893	29.9774	1
858	22.6724	27.3399	1
859	19.4784	33.885	1
860	26.7213	33.3286	1
861	24.5365	28.7	1
862	30.4736	28.5925	1
863	35.97	32.6436	1
864	28.6498	25.65	1
865	31.3745	34.6322	1
866	32.8068	29.6172	1
867	30.7891	30.7293	1
868	35.7491	31.3509	1
869	35.1868	26.6813	1
870	37.6367	28.1667	1
871	0.634429	26.9398	1
872	6.88563	29.3967	1
873	4.89081	30.2954	1
874	5.94258	31.316	1
875	6.03801	32.5736	1
876	3.40988	30.2954	1
877	3.48349	1.25652	1
878	0.460778	35.5706	1
879	6.99076	30.595	1
880	10.5473	32.1428	1
881	10.3284	26.5041	1
882	7.951	31.1321	1
883	8.23382	33.2183	1
884	14.681	34.1661	1
885	16.7908	33.1844	1
886	7.01282	36.8089	1
887	13.686	31.6706	1
888	13.393	32.7493	1
889	14.5258	33.0954	1
890	14.69	31.1093	1
891	19.0812	36.2308	1
892	20.0573	38.4264	1
893	20.7185	32.1792	1
894	19.7184	37.2297	1
895	20.1577	36.1031	1
896	25.9671	37.4816	1
897	29.7335	30.068	1
898	33.3425	34.0369	1
899	32.137	32.5852	1
900	24.3157	29.8594	1
901	38.2073	33.4371	1
902	35.1787	36.6654	1
903	37.4162	26.5617	1
904	38.5167	29.215	1
905	37.9677	32.3942	1
906	33.0433	36.3574	1
907	0.217165	30.2588	1
908	5.25484	29.1227	1
909	39.2493	33.9447	1
910	5.95709	29.9739	1
911	5.98754	33.8215	1
912	5.17008	36.9664	1
913	2.52747	30.9347	1
914	6.06476	37.4965	1
915	10.5778	33.2687	1
916	8.4184	26.638	1
917	9.64171	29.5522	1
918	9.24524	32.6295	1
919	9.3954	34.8546	1
920	12.5165	33.3446	1
921	11.7334	36.7882	1
922	12.7255	34.4116	1
923	15.8786	34.2462	1
924	12.8673	28.6091	1
925	14.8236	29.8311	1
926	15.6478	33.1351	1
927	21.4171	34.1754	1
928	19.2709	35.0004	1
929	21.9199	37.6753	1
930	23.599	32.1067	1
931	24.5338	38.1487	1
932	22.5289	28.477	1
933	33.1406	32.8981	1
934	31.5877	28.46	1
935	24.8168	31.747	1
936	23.4688	33.2059	1
937	37.3405	34.0384	1
938	39.462	35.0744	1
939	28.4053	34.2307	1
940	36.2334	33.7543	1
941	35.1288	33.4347	1
942	36.4882	34.9475	1
943	4.12573	29.4987	1
944	7.83491	29.9853	1
945	2.66005	27.7933	1
946	1.21258	33.4016	1
947	7.013	31.7468	1
948	11.5153	33.8948	1
949	7.00363	39.4214	1
950	9.0777	31.481	1
951	7.1829	32.8804	1
952	9.59225	33.6902	1
953	8.27223	34.355	1
954	13.6259	33.8325	1
955	8.5226	2.26524	1
956	16.6415	35.1759	1
957	10.5117	34.4426	1
958	15.4448	37.1851	1
959	11.9397	38.9692	1
960	15.5499	35.296	1
961	18.2663	35.3755	1
962	22.8561	39.7127	1
963	18.4098	34.2176	1
964	23.7718	38.918	1
965	23.9125	34.1409	1
966	28.3924	0.691776	1
967	22.7986	31.2339	1
968	26.1859	34.4018	1
969	27.5548	29.6181	1
970	32.9236	31.7706	1
971	27.8288	33.2783	1
972	28.958	33.236	1
973	32.502	0.110194	1
974	34.1007	36.2917	1
975	33.6003	35.1934	1
976	0.234827	31.8491	1
977	39.0015	32.7373	1
978	2.43068	29.8065	1
979	11.777	30.4467	1
980	33.1212	37.4502	1
981	3.27714	37.1014	1
982	0.741754	36.5777	1
983	4.8851	34.3455	1
984	0.911287	37.7776	1
985	13.7574	37.3796	1
986	8.28634	1.10744	1
987	6.10881	38.7101	1
988	6.13907	0.0221375	1
989	12.4031	35.8375	1
990	12.6298	38.1496	1
991	13.8449	36.2396	1
992	15.3648	39.3894	1
993	12.7628	36.91	1
994	20.6083	1.81003	1
995	25.1919	1.75237	1
996	19.8898	0.382595	1
997	16.5974	37.6559	1
998	25.0091	34.4146	1
999	25.133	30.6288	1
1000	26.78	35.3224	1
1001	27.3499	1.25663	1
1002	25.7182	35.388	1
1003	31.285	33.4446	1
1004	32.3229	33.6266	1
1005	25.6056	38.5672	1
1006	30.5655	36.5183	1
1007	34.7904	31.8767	1
1008	33.7199	38.4303	1
1009	22.588	36.7922	1
1010	34.3012	37.499	1
1011	4.98242	33.2311	1
1012	35.4748	34.5839	1
1013	38.3538	34.6651	1
1014	38.5499	35.7078	1
1015	34.3923	34.3243	1
1016	1.26712	29.9953	1
1017	0.303432	34.1264	1
1018	4.81336	35.4271	1
1019	5.13788	38.178	1
1020	5.36611	1.01932	1
1021	7.11865	34.0512	1
1022	14.9595	36.2227	1
1023	20.9572	0.708213	1
