0	33.7967	35.4666	1
1	38.3437	39.6745	1
2	1.19742	0.0287762	1
3	5.05036	36.5011	1
4	6.17063	39.1203	1
5	0.329511	0.731844	1
6	7.16829	38.6802	1
7	12.5456	5.59329	1
8	18.1278	39.739	1
9	3.4221	2.07385	1
10	18.6043	37.4459	1
11	19.1803	39.3504	1
12	15.2925	38.4253	1
13	17.9703	35.5888	1
14	13.4203	3.89021	1
15	15.7427	0.505051	1
16	16.1102	39.1995	1
17	21.6713	39.6827	1
18	22.2823	34.3225	1
19	26.2199	37.6243	1
20	25.7858	39.7378	1
21	26.8926	0.199505	1
22	29.5824	30.9734	1
23	26.3754	3.0773	1
24	27.3279	37.6853	1
25	30.006	33.7273	1
26	27.098	34.6878	1
27	31.2834	37.8792	1
28	30.1775	37.4997	1
29	27.6708	35.7313	1
30	33.6865	39.4823	1
31	30.9447	35.6612	1
32	35.0963	36.9994	1
33	2.14361	39.4397	1
34	38.7966	6.32216	1
35	6.35322	1.36352	1
36	3.10779	37.6669	1
37	8.7889	31.948	1
38	8.79197	7.06886	1
39	5.59174	4.31216	1
40	4.82894	5.96013	1
41	4.48876	2.66093	1
42	16.3361	38.1149	1
43	8.3642	2.46295	1
44	7.5517	5.51233	1
45	17.4614	37.7707	1
46	18.3239	38.6288	1
47	9.18104	1.73858	1
48	17.2024	3.35404	1
49	14.5979	5.48091	1
50	16.0625	1.67402	1
51	24.728	39.2973	1
52	21.7419	36.4288	1
53	20.7495	36.8038	1
54	26.155	2.04413	1
55	29.2064	37.0318	1
56	22.3478	38.6678	1
57	23.3015	1.87219	1
58	24.2692	2.29928	1
59	24.0929	3.40451	1
60	26.9111	36.6454	1
61	29.3934	38.2554	1
62	28.9778	1.06688	1
63	39.3927	1.28927	1
64	34.278	37.7683	1
65	31.6775	34.822	1
66	39.2256	39.0006	1
67	35.4459	38.1001	1
68	0.372299	32.9964	1
69	39.1129	37.9065	1
70	32.6093	39.2335	1
71	39.4962	2.5035	1
72	1.63785	4.51153	1
73	3.02364	36.5578	1
74	3.54686	3.17711	1
75	5.42224	2.01639	1
76	39.7723	4.68379	1
77	7.25189	0.770536	1
78	13.7203	39.6052	1
79	6.48863	3.68382	1
80	11.9175	8.54151	1
81	20.2254	38.967	1
82	15.0015	1.36994	1
83	14.3408	0.497269	1
84	14.2958	3.16863	1
85	15.3172	3.58407	1
86	16.6209	6.35267	1
87	23.258	37.9412	1
88	22.9979	0.788476	1
89	22.1885	4.58008	1
90	17.428	4.41808	1
91	27.2201	2.41994	1
92	29.7835	0.349851	1
93	22.1164	3.47332	1
94	25.9414	0.838964	1
95	30.4581	38.5864	1
96	30.5483	3.56753	1
97	28.5167	38.9305	1
98	28.0376	36.791	1
99	1.05859	37.6445	1
100	36.6946	38.2681	1
101	28.8353	5.01204	1
102	37.5099	1.46254	1
103	38.8703	36.8351	1
104	38.5491	3.12728	1
105	5.11023	37.5674	1
106	31.1447	36.806	1
107	1.37231	1.16609	1
108	2.0779	37.213	1
109	2.43554	2.69045	1
110	1.01202	9.34838	1
111	6.5943	4.9172	1
112	3.55189	4.28334	1
113	8.17618	1.29038	1
114	13.7218	6.12976	1
115	14.7342	6.59391	1
116	17.0599	39.9934	1
117	16.2354	2.8616	1
118	17.0979	2.15001	1
119	21.1464	2.80756	1
120	18.1449	2.4455	1
121	21.0925	1.68762	1
122	18.2281	3.59338	1
123	19.1104	1.79327	1
124	15.246	2.47443	1
125	24.9272	0.355778	1
126	20.1971	3.44168	1
127	23.0761	2.94499	1
128	26.612	4.20643	1
129	30.7154	39.6997	1
130	28.6546	9.10746	1
131	34.4657	2.80734	1
132	30.9168	0.795128	1
133	28.438	37.8097	1
134	34.9216	35.8969	1
135	36.8573	4.48308	1
136	33.5538	3.5719	1
137	39.375	0.186431	1
138	38.5219	1.96421	1
139	38.7886	7.45057	1
140	1.41263	2.27271	1
141	0.186873	39.4367	1
142	3.64246	5.39994	1
143	3.18273	38.8166	1
144	1.55343	3.41662	1
145	2.58815	3.82608	1
146	8.5928	5.96981	1
147	11.5932	34.7058	1
148	4.60772	4.84344	1
149	14.8846	39.5367	1
150	7.44512	4.21422	1
151	13.6097	5.01483	1
152	15.5879	5.88493	1
153	16.3461	4.05089	1
154	16.0733	8.25266	1
155	15.5187	4.73404	1
156	24.1351	1.10922	1
157	19.0582	0.637164	1
158	23.8068	0.0522572	1
159	28.2944	2.8254	1
160	29.1331	2.13895	1
161	29.6444	39.3385	1
162	28.6919	39.9704	1
163	29.9847	11.9762	1
164	31.5238	38.898	1
165	29.1208	6.09372	1
166	28.1123	1.72334	1
167	30.7515	4.63659	1
168	31.0122	5.72972	1
169	30.1966	2.53306	1
170	30.1758	6.43213	1
171	33.4136	38.436	1
172	38.6281	4.24689	1
173	38.1806	38.5195	1
174	0.767197	5.14677	1
175	39.4534	10.4254	1
176	0.395184	1.81828	1
177	6.38566	2.53646	1
178	3.37224	1.01703	1
179	4.52547	3.76466	1
180	14.526	4.33906	1
181	10.9353	9.15104	1
182	8.98983	9.29092	1
183	39.5949	3.58973	1
184	6.6704	6.11757	1
185	14.0971	1.98824	1
186	8.42165	4.7535	1
187	12.9119	9.01976	1
188	16.5444	5.22153	1
189	26.1253	12.4278	1
190	13.8485	8.32983	1
191	18.6306	9.80528	1
192	22.247	6.83832	1
193	17.6553	6.6783	1
194	19.1891	2.98173	1
195	27.9729	5.71529	1
196	27.4716	3.47897	1
197	28.5263	3.9465	1
198	30.7864	9.88631	1
199	33.0138	9.96857	1
200	29.3642	3.22632	1
201	28.9384	10.2119	1
202	37.3466	39.2211	1
203	35.7264	4.16284	1
204	34.6372	3.90745	1
205	31.255	6.89319	1
206	32.0174	6.13301	1
207	37.5891	2.58859	1
208	39.2678	8.46017	1
209	38.4541	0.790527	1
210	34.147	6.85301	1
211	38.1893	8.51427	1
212	0.722649	6.28476	1
213	0.603498	10.391	1
214	2.62515	4.94951	1
215	3.83301	6.48541	1
216	11.7284	6.29872	1
217	10.1021	10.9371	1
218	7.58303	6.68451	1
219	8.35325	3.6052	1
220	8.07512	9.93323	1
221	5.4935	3.1323	1
222	10.8019	8.00502	1
223	10.0236	9.83528	1
224	15.8038	7.11604	1
225	20.5888	13.733	1
226	19.1951	4.16134	1
227	19.3439	6.4158	1
228	21.3946	14.5305	1
229	19.3329	5.28406	1
230	28.3001	6.82656	1
231	22.2451	5.70187	1
232	30.001	1.41821	1
233	29.7529	9.44821	1
234	28.4397	8.05154	1
235	30.9997	13.7421	1
236	31.8268	4.99415	1
237	31.4744	8.0028	1
238	29.3313	7.24251	1
239	29.5339	8.31376	1
240	33.78	4.63625	1
241	36.4387	3.33424	1
242	32.9521	5.43166	1
243	37.6247	3.6895	1
244	39.7216	5.72414	1
245	0.630602	4.05042	1
246	39.9524	9.41111	1
247	0.536369	2.91627	1
248	8.00006	8.85598	1
249	2.55288	8.15052	1
250	9.84585	7.46188	1
251	8.90815	8.14206	1
252	9.23783	13.7853	1
253	6.11988	10.0331	1
254	13.7882	7.23336	1
255	9.87478	8.71865	1
256	12.8499	7.84488	1
257	17.2078	8.60751	1
258	12.7326	6.68778	1
259	17.2871	11.655	1
260	27.4333	7.64135	1
261	24.296	14.2507	1
262	18.2795	8.77486	1
263	20.1934	4.62748	1
264	23.1732	5.10084	1
265	20.1191	2.27737	1
266	24.1001	4.52824	1
267	23.1896	6.23648	1
268	27.2027	12.6997	1
269	30.5947	8.75876	1
270	31.057	14.9099	1
271	29.1035	12.6164	1
272	37.4092	0.311897	1
273	35.8366	11.7516	1
274	29.6975	4.28963	1
275	32.2705	7.2268	1
276	36.863	12.2392	1
277	36.0574	13.9743	1
278	38.2956	10.5015	1
279	31.5966	3.9615	1
280	1.03424	14.3303	1
281	2.70259	6.04532	1
282	1.74358	6.81236	1
283	39.7372	6.89977	1
284	2.98025	12.057	1
285	7.01295	9.3738	1
286	1.50234	8.28942	1
287	12.0949	11.9669	1
288	10.8191	6.89816	1
289	8.18971	11.0075	1
290	8.22074	12.1006	1
291	5.03141	9.87476	1
292	17.9509	7.72766	1
293	12.979	11.3272	1
294	20.096	11.0768	1
295	19.0042	10.8422	1
296	20.9297	15.5602	1
297	18.8989	12.9365	1
298	20.3079	5.77767	1
299	22.2153	2.25172	1
300	21.1547	3.9597	1
301	21.2051	5.12034	1
302	23.1739	4.02286	1
303	27.9451	10.9799	1
304	30.4167	7.56995	1
305	32.876	11.2617	1
306	30.9857	12.5584	1
307	32.0569	14.1598	1
308	37.6691	9.54537	1
309	37.0766	14.4661	1
310	34.8466	4.98919	1
311	32.6851	4.31512	1
312	0.115034	11.3916	1
313	37.0817	8.53798	1
314	37.6493	7.59712	1
315	2.17125	14.1245	1
316	38.9181	11.5056	1
317	6.90962	8.24503	1
318	1.7406	10.2664	1
319	1.72987	5.64371	1
320	2.81363	10.0695	1
321	2.24625	0.511772	1
322	11.1584	12.5423	1
323	12.2164	14.2338	1
324	14.8062	7.79104	1
325	13.1377	15.9376	1
326	9.0496	10.3784	1
327	12.8947	10.1938	1
328	17.8003	12.9478	1
329	19.0266	7.85085	1
330	17.9311	10.7765	1
331	27.1804	13.7643	1
332	23.5433	15.1251	1
333	19.7449	9.96583	1
334	20.3637	6.89746	1
335	27.6176	8.75561	1
336	21.2819	6.28525	1
337	27.6898	4.68265	1
338	30.0514	13.1363	1
339	29.946	5.34877	1
340	32.9586	12.4607	1
341	33.3317	18.0651	1
342	31.9706	13.1053	1
343	37.7751	11.5169	1
344	33.9417	11.8605	1
345	34.9605	12.4211	1
346	2.89433	15.0318	1
347	33.8939	10.6891	1
348	3.67094	12.9494	1
349	0.815858	7.37113	1
350	35.0712	6.08399	1
351	1.28226	11.2729	1
352	0.375911	8.45144	1
353	4.34417	8.99568	1
354	2.91484	7.1364	1
355	2.15169	9.21718	1
356	5.31179	11.7888	1
357	4.68804	10.89	1
358	9.18577	11.5294	1
359	10.1687	12.0748	1
360	9.26952	16.8756	1
361	11.0234	10.3301	1
362	11.9173	9.67083	1
363	16.5971	19.3084	1
364	16.8901	7.44673	1
365	19.3804	8.91359	1
366	26.4517	14.5231	1
367	21.2818	7.37908	1
368	25.3592	14.4331	1
369	25.3094	2.73372	1
370	26.9149	11.6236	1
371	29	11.3934	1
372	26.5619	8.31921	1
373	28.1901	13.2361	1
374	32.5926	8.30422	1
375	29.1774	13.7228	1
376	29.9056	10.7439	1
377	31.1789	16.0024	1
378	31.9426	12.0469	1
379	35.067	14.589	1
380	34.8609	11.3093	1
381	33.954	12.9944	1
382	4.13868	11.9367	1
383	35.9508	12.8969	1
384	39.379	15.8777	1
385	36.1094	15.121	1
386	0.790132	12.3091	1
387	3.48163	11.0448	1
388	5.92769	8.95435	1
389	7.26778	11.6448	1
390	2.23252	17.145	1
391	7.87155	7.75181	1
392	13.0663	12.5055	1
393	7.13136	10.5285	1
394	9.21001	12.6213	1
395	10.2124	13.1352	1
396	17.5189	9.69756	1
397	13.1039	13.6099	1
398	11.8338	7.4088	1
399	16.8469	10.5448	1
400	19.3655	11.8707	1
401	25.0549	13.3332	1
402	19.4499	16.6919	1
403	27.8553	9.83834	1
404	24.9806	12.2512	1
405	26.7488	9.42953	1
406	26.1231	13.5102	1
407	26.935	10.5441	1
408	30.29	17.8344	1
409	28.0911	17.944	1
410	19.9766	12.805	1
411	31.1828	17.1403	1
412	32.3588	18.6644	1
413	33.0533	14.6109	1
414	34.154	16.3553	1
415	34.9784	13.4965	1
416	34.0521	14.0704	1
417	37.1549	17.8477	1
418	1.85341	12.2081	1
419	33.0665	6.49598	1
420	1.11424	17.3571	1
421	38.8088	9.5101	1
422	1.55896	20.4321	1
423	1.4628	13.267	1
424	3.25564	13.982	1
425	3.90208	10.0257	1
426	4.74384	15.5924	1
427	3.22882	8.97343	1
428	11.1928	13.6377	1
429	3.64208	15.8286	1
430	15.7689	18.6109	1
431	12.2306	15.3466	1
432	15.6267	19.8212	1
433	16.4434	9.39122	1
434	17.1509	17.1288	1
435	20.1055	14.7319	1
436	18.3223	11.9323	1
437	27.6503	14.7408	1
438	26.8885	15.5352	1
439	17.9276	15.0116	1
440	28.0939	12.055	1
441	18.3401	16.891	1
442	26.7838	17.6232	1
443	25.7891	15.4294	1
444	30.0641	15.4273	1
445	28.3667	16.8431	1
446	28.2313	19.0847	1
447	33.4218	19.1989	1
448	30.3276	18.917	1
449	30.0767	14.3144	1
450	38.199	14.992	1
451	2.36915	11.1719	1
452	2.51283	13.1063	1
453	34.0296	5.74607	1
454	5.52078	16.3052	1
455	2.51004	16.0493	1
456	0.0679668	17.657	1
457	10.1101	18.6831	1
458	6.3833	16.9861	1
459	4.83225	12.8174	1
460	12.1744	13.1222	1
461	6.35635	12.2497	1
462	10.1242	17.5411	1
463	7.28374	12.8329	1
464	3.94935	14.8014	1
465	11.2587	16.9712	1
466	18.6833	15.8203	1
467	12.0258	10.8146	1
468	4.37946	13.8012	1
469	13.1707	17.0959	1
470	18.9602	14.7992	1
471	24.6543	15.2982	1
472	17.2679	14.0895	1
473	21.7301	16.3258	1
474	22.3781	17.2605	1
475	28.0504	15.8127	1
476	30.2046	16.5191	1
477	21.211	20.3833	1
478	27.2823	16.5693	1
479	29.2185	16.0821	1
480	32.229	17.575	1
481	32.994	13.5243	1
482	32.1928	16.4213	1
483	29.379	17.1854	1
484	37.1322	15.629	1
485	34.1008	15.209	1
486	35.1611	15.7038	1
487	36.978	13.376	1
488	37.4003	20.1135	1
489	0.604539	15.4143	1
490	6.26492	11.1535	1
491	8.26621	17.374	1
492	4.15398	17.7665	1
493	8.05396	19.5504	1
494	10.3133	16.4489	1
495	3.01821	17.9389	1
496	10.2981	15.2903	1
497	11.0876	11.4774	1
498	10.2744	14.2292	1
499	16.8248	18.1917	1
500	7.26759	17.7335	1
501	18.2791	19.8447	1
502	13.1238	20.6088	1
503	16.8846	15.1757	1
504	20.8912	18.4392	1
505	14.0521	13.0337	1
506	22.1265	15.3229	1
507	22.9284	16.1714	1
508	21.6088	19.3268	1
509	25.1516	16.3413	1
510	24.0353	16.1951	1
511	21.9849	18.2965	1
512	27.2112	18.6404	1
513	21.2928	17.391	1
514	27.599	22.0869	1
515	32.1039	15.2925	1
516	36.142	16.2343	1
517	32.2541	19.7333	1
518	34.2494	17.4749	1
519	34.4617	20.7879	1
520	38.0157	13.8411	1
521	39.1767	16.9518	1
522	33.1584	17.002	1
523	1.7801	15.2081	1
524	38.2118	16.1855	1
525	4.4212	16.5735	1
526	1.73751	19.2164	1
527	4.43322	24.9121	1
528	5.19236	18.4542	1
529	3.31499	16.9008	1
530	9.99041	19.8001	1
531	9.05739	19.085	1
532	11.2418	14.7378	1
533	12.1801	16.4325	1
534	10.5243	22.0263	1
535	12.1556	17.7306	1
536	15.4479	20.8928	1
537	15.9523	17.4628	1
538	16.5448	20.5116	1
539	17.5623	16.0381	1
540	19.856	18.5871	1
541	18.3587	13.9145	1
542	19.5212	13.7859	1
543	22.403	20.2537	1
544	26.2276	16.4548	1
545	23.0917	18.2078	1
546	29.2103	18.3182	1
547	25.6664	17.4024	1
548	25.5425	21.0041	1
549	32.409	24.8864	1
550	33.9601	28.8493	1
551	28.5215	21.4469	1
552	33.1054	25.8872	1
553	32.4367	20.8974	1
554	31.323	18.2981	1
555	37.9021	12.7239	1
556	39.6484	12.4503	1
557	36.2569	18.472	1
558	1.34836	16.2634	1
559	36.2148	17.3399	1
560	37.2303	18.9735	1
561	0.271441	16.5939	1
562	2.59488	20.0507	1
563	5.99574	19.2538	1
564	8.28227	13.2478	1
565	6.20014	18.0702	1
566	11.1006	18.1901	1
567	8.14696	18.4145	1
568	13.9436	22.6971	1
569	11.2657	21.2312	1
570	14.6759	21.8005	1
571	13.2068	23.5315	1
572	10.1783	20.9288	1
573	20.0915	20.574	1
574	17.7768	20.7659	1
575	9.15044	18.0229	1
576	13.2858	14.7907	1
577	18.7514	18.7714	1
578	24.5916	21.5568	1
579	20.1629	17.5763	1
580	22.5534	22.2598	1
581	28.5821	22.6255	1
582	27.5452	20.9308	1
583	26.4592	20.4285	1
584	26.6302	22.7044	1
585	29.5125	21.8892	1
586	35.0659	28.7433	1
587	34.732	24.6953	1
588	35.4612	20.2278	1
589	35.1642	16.81	1
590	34.9035	26.7964	1
591	33.1123	15.848	1
592	34.3494	18.5913	1
593	39.0892	18.0464	1
594	39.613	19.9393	1
595	39.8235	18.8208	1
596	38.4232	20.4715	1
597	2.83087	19.0026	1
598	6.99688	23.6198	1
599	5.66957	22.2989	1
600	0.836014	18.4316	1
601	2.63636	25.5902	1
602	7.70125	22.697	1
603	11.0333	20.1622	1
604	13.6738	24.607	1
605	12.8144	22.3781	1
606	16.1345	31.1117	1
607	9.90807	22.9459	1
608	17.686	18.9698	1
609	19.0693	31.22	1
610	19.0511	17.6721	1
611	19.4262	19.638	1
612	20.0041	26.8165	1
613	19.6534	21.6274	1
614	21.942	21.2265	1
615	25.4465	19.8998	1
616	27.5724	23.2629	1
617	29.3054	19.4507	1
618	29.4423	20.6768	1
619	33.3475	20.3314	1
620	29.6444	25.613	1
621	29.3963	29.1073	1
622	33.5313	24.8271	1
623	37.113	26.5077	1
624	33.793	26.767	1
625	38.132	17.2878	1
626	37.168	16.7827	1
627	36.3876	25.5337	1
628	0.498337	20.6882	1
629	39.4336	21.0899	1
630	5.20645	17.3456	1
631	38.6072	25.2863	1
632	0.465147	25.9556	1
633	3.11253	27.698	1
634	2.16296	22.2932	1
635	7.12443	18.8147	1
636	7.36644	24.6658	1
637	11.2515	15.8777	1
638	8.469	24.8437	1
639	10.9964	23.0728	1
640	11.068	29.4637	1
641	14.2924	20.6848	1
642	17.6558	28.5935	1
643	13.6144	21.591	1
644	17.9566	17.9238	1
645	12.3497	21.3751	1
646	19.2362	26.0409	1
647	23.6659	22.229	1
648	20.777	21.4283	1
649	28.6402	25.011	1
650	25.6339	24.4395	1
651	26.563	21.5822	1
652	29.6104	24.4509	1
653	28.4414	20.1968	1
654	31.0644	28.0239	1
655	31.9871	26.0605	1
656	32.8239	28.9243	1
657	28.8273	30.0881	1
658	38.5859	19.3768	1
659	0.982629	29.8357	1
660	35.2696	17.9246	1
661	34.4052	27.8133	1
662	35.2787	25.7017	1
663	38.0784	18.3502	1
664	35.3817	19.1162	1
665	35.4292	21.3307	1
666	1.34208	21.4964	1
667	5.8059	26.2947	1
668	2.43502	21.2043	1
669	8.10752	23.7785	1
670	7.40495	16.6355	1
671	5.19064	24.1284	1
672	11.7005	22.2638	1
673	11.428	24.2285	1
674	9.59471	24.955	1
675	21.0704	23.302	1
676	18.1791	26.3894	1
677	10.6954	25.1922	1
678	20.347	22.5027	1
679	18.5444	21.6846	1
680	18.7077	28.2506	1
681	23.0938	21.1747	1
682	25.6191	22.1775	1
683	24.5684	17.323	1
684	27.7005	24.4826	1
685	23.0055	26.9033	1
686	25.4694	29.2946	1
687	24.6767	25.012	1
688	27.3248	19.7544	1
689	24.1395	26.5556	1
690	29.9791	28.0018	1
691	30.4789	26.9683	1
692	34.201	25.6707	1
693	32.684	26.9406	1
694	35.2307	30.6045	1
695	37.4739	25.4427	1
696	33.5069	31.7725	1
697	38.4126	28.2501	1
698	36.3375	19.6515	1
699	36.0018	26.6095	1
700	5.40872	28.2082	1
701	38.1645	26.2734	1
702	6.22959	24.4217	1
703	3.31363	24.7012	1
704	4.88666	23.061	1
705	5.96234	23.3446	1
706	12.457	24.3769	1
707	9.1182	29.9736	1
708	14.2306	30.5888	1
709	16.6392	28.9556	1
710	16.8076	27.841	1
711	16.9401	31.9105	1
712	17.8622	27.4345	1
713	14.3359	23.7185	1
714	19.3201	30.1616	1
715	18.9586	27.195	1
716	23.6077	23.3329	1
717	20.5454	19.4621	1
718	23.4682	17.1355	1
719	24.6749	22.7671	1
720	24.4329	20.4129	1
721	23.1011	30.9362	1
722	26.644	24.9624	1
723	27.6032	28.1596	1
724	25.6469	23.3126	1
725	26.631	23.8881	1
726	32.1855	27.9662	1
727	28.1044	27.1231	1
728	31.5924	27.0189	1
729	34.0424	23.8021	1
730	36.3891	30.5539	1
731	0.0116291	26.9794	1
732	0.67797	19.5655	1
733	38.8597	27.1794	1
734	3.68881	25.7938	1
735	3.54722	29.0231	1
736	1.51155	25.7253	1
737	6.15271	27.314	1
738	2.87572	23.6398	1
739	6.5788	25.4952	1
740	4.01995	23.8186	1
741	12.0805	23.2919	1
742	10.3068	24.1713	1
743	8.88784	25.9166	1
744	12.8252	25.4079	1
745	17.4202	29.7277	1
746	20.6298	28.7247	1
747	18.5008	33.3996	1
748	17.2241	30.7898	1
749	18.0387	31.5486	1
750	23.6508	24.494	1
751	24.7257	28.4434	1
752	24.6462	23.8801	1
753	23.8978	27.629	1
754	21.4489	22.2686	1
755	21.9342	27.2369	1
756	23.9189	31.7621	1
757	21.516	29.4154	1
758	29.3049	27.1512	1
759	26.8285	28.9951	1
760	34.5953	29.7283	1
761	31.7886	30.8775	1
762	31.1856	29.9911	1
763	39.6176	28.085	1
764	36.2023	28.6417	1
765	35.7589	29.6734	1
766	34.4461	19.7089	1
767	33.3149	27.8579	1
768	36.4233	20.752	1
769	2.21936	26.6481	1
770	6.52641	28.3827	1
771	8.80242	28.8944	1
772	3.96212	26.9211	1
773	4.73017	26.104	1
774	8.44196	27.8896	1
775	2.13793	24.6639	1
776	7.68054	25.7068	1
777	9.25441	23.8951	1
778	8.78217	22.8489	1
779	18.9889	20.6888	1
780	18.5315	29.3846	1
781	19.3892	38.2405	1
782	20.9768	31.6045	1
783	18.7811	32.3225	1
784	19.547	29.0786	1
785	20.8546	27.6765	1
786	21.7538	28.3364	1
787	19.7747	27.9088	1
788	20.1575	30.8756	1
789	21.7467	32.4015	1
790	20.3618	29.815	1
791	28.2845	29.0652	1
792	22.0633	31.2547	1
793	22.5349	33.18	1
794	28.6379	23.8206	1
795	32.3265	29.8723	1
796	25.2615	30.4005	1
797	36.3713	32.4157	1
798	34.0798	30.764	1
799	34.7034	31.7165	1
800	39.4842	33.7119	1
801	39.2819	26.1579	1
802	1.11594	26.8263	1
803	0.303223	29.0082	1
804	2.05355	29.5957	1
805	5.00912	27.2184	1
806	9.53594	28.0458	1
807	1.40264	28.7744	1
808	4.18946	28.0896	1
809	1.92029	18.1351	1
810	7.34386	27.6609	1
811	5.47041	25.2518	1
812	12.378	30.8603	1
813	11.829	28.7178	1
814	11.7546	25.2882	1
815	15.844	32.1818	1
816	16.9026	35.9497	1
817	16.3805	30.0244	1
818	23.6727	25.5594	1
819	20.3501	33.8887	1
820	26.352	30.0259	1
821	27.5934	25.6218	1
822	23.412	29.8279	1
823	19.9343	31.9634	1
824	20.1285	34.942	1
825	21.4681	33.5285	1
826	25.8338	36.517	1
827	24.4063	33.6322	1
828	28.7563	28.074	1
829	29.3989	32.8181	1
830	30.0642	31.9644	1
831	31.2829	31.9286	1
832	37.565	30.3647	1
833	32.8846	30.7872	1
834	36.8458	29.4871	1
835	37.0438	31.4797	1
836	36.5456	33.4729	1
837	36.6461	27.5104	1
838	39.1444	29.1285	1
839	4.7079	29.1518	1
840	39.8546	30.0119	1
841	9.09054	26.9945	1
842	7.62557	28.691	1
843	1.83369	27.7104	1
844	10.2797	30.3024	1
845	11.6635	31.6941	1
846	13.2719	30.0304	1
847	15.0148	35.4169	1
848	11.3529	30.5917	1
849	12.3574	33.8831	1
850	6.95969	26.5168	1
851	12.8088	31.9874	1
852	18.2597	30.4324	1
853	22.3114	30.1686	1
854	21.2396	38.6348	1
855	19.6096	33.0507	1
856	23.6858	28.7353	1
857	21.2127	30.4615	1
858	22.8679	28.0191	1
859	19.2802	34.1085	1
860	26.6817	33.6257	1
861	24.4536	29.5857	1
862	30.5772	29.0398	1
863	35.272	32.6431	1
864	28.6212	26.1289	1
865	30.5122	34.7265	1
866	33.4311	29.836	1
867	30.6599	30.9925	1
868	35.7587	31.5612	1
869	35.5876	27.7053	1
870	37.959	29.3185	1
871	0.740096	27.902	1
872	6.90524	29.46	1
873	5.12129	30.1839	1
874	6.39846	31.44	1
875	6.83246	32.4456	1
876	3.80711	31.1107	1
877	2.40892	1.60391	1
878	39.7343	36.0894	1
879	7.23151	30.6414	1
880	10.5865	31.4833	1
881	9.97013	26.045	1
882	8.32447	30.8138	1
883	9.02495	33.0956	1
884	15.1911	34.3076	1
885	17.3687	33.7738	1
886	6.12537	37.9776	1
887	13.8836	31.6248	1
888	14.7204	32.4442	1
889	15.4864	33.239	1
890	15.0108	31.3819	1
891	19.9135	36.0323	1
892	20.4432	37.8829	1
893	20.6846	32.7335	1
894	19.6695	37.1326	1
895	20.9934	35.726	1
896	25.147	37.4239	1
897	30.0366	30.0073	1
898	32.3266	33.9793	1
899	31.8159	32.955	1
900	24.1402	30.6493	1
901	37.5675	33.9405	1
902	34.1074	36.587	1
903	37.7809	27.3846	1
904	38.6732	30.1384	1
905	37.4047	32.7908	1
906	31.9571	35.9062	1
907	0.611582	30.9167	1
908	5.83508	29.2796	1
909	38.6364	34.3745	1
910	6.21213	30.2924	1
911	7.50389	34.5806	1
912	4.09795	38.2071	1
913	2.63518	31.278	1
914	5.13309	38.6809	1
915	10.9455	32.5376	1
916	8.01644	26.7998	1
917	9.94749	29.2388	1
918	9.78697	32.3207	1
919	10.5187	34.3698	1
920	13.5964	32.6952	1
921	13.0074	34.7308	1
922	13.4241	33.7633	1
923	16.2635	34.0866	1
924	12.903	29.0068	1
925	15.3208	30.2892	1
926	16.6148	32.9776	1
927	21.1876	34.6065	1
928	19.0507	35.3021	1
929	21.7272	37.5666	1
930	23.5678	32.8765	1
931	24.3631	38.1856	1
932	22.6603	29.0636	1
933	33.0395	32.7723	1
934	31.632	28.9393	1
935	24.6856	32.5466	1
936	23.3514	33.9822	1
937	36.6842	34.5362	1
938	38.753	35.6255	1
939	28.2858	34.8535	1
940	35.6756	34.1752	1
941	34.6903	33.6646	1
942	35.804	35.2178	1
943	4.02156	30.0269	1
944	7.94006	29.7464	1
945	2.48263	28.5984	1
946	0.547097	34.1252	1
947	7.61779	31.6692	1
948	12.0151	32.7703	1
949	6.29165	0.227951	1
950	9.46108	31.0813	1
951	7.94259	32.7258	1
952	10.1775	33.3204	1
953	9.39271	34.1199	1
954	14.42	33.4609	1
955	7.42357	3.10152	1
956	17.1273	34.8405	1
957	11.3008	33.6008	1
958	16.665	36.9986	1
959	14.1809	38.6183	1
960	16.0757	35.1072	1
961	18.8233	36.3617	1
962	22.7513	39.6974	1
963	18.2053	34.502	1
964	23.6014	38.9797	1
965	24.9305	34.559	1
966	27.9258	0.673243	1
967	22.8233	32.0523	1
968	26.0216	34.5821	1
969	27.503	29.8935	1
970	32.3862	31.853	1
971	27.8246	33.7454	1
972	28.9741	33.9854	1
973	31.7979	0.0211952	1
974	32.9799	36.2045	1
975	32.7837	35.0802	1
976	39.3026	32.5585	1
977	38.4401	33.3036	1
978	2.94299	30.2165	1
979	12.1422	29.81	1
980	32.2325	37.0201	1
981	2.14162	38.2856	1
982	39.9982	37.2389	1
983	3.95731	35.9957	1
984	0.142859	38.3741	1
985	15.5762	37.3612	1
986	7.31693	1.98736	1
987	5.22375	39.7885	1
988	5.39326	0.879973	1
989	14.145	34.5672	1
990	14.4989	37.5736	1
991	14.7189	36.4773	1
992	17.2262	38.8951	1
993	13.8607	35.6728	1
994	20.1332	1.18874	1
995	25.125	1.58671	1
996	20.0204	0.0782166	1
997	17.6779	36.6971	1
998	25.5182	33.4727	1
999	24.9855	31.4584	1
1000	26.4894	35.6224	1
1001	26.9975	1.27698	1
1002	25.4211	35.5371	1
1003	30.7016	32.8768	1
1004	31.1854	33.866	1
1005	25.4672	38.5142	1
1006	30.0454	36.3342	1
1007	34.1649	32.6869	1
1008	32.3369	38.1204	1
1009	22.7673	36.8963	1
1010	33.2904	37.3086	1
1011	7.19327	33.4985	1
1012	34.7031	34.8016	1
1013	37.7464	35.0256	1
1014	37.833	36.1995	1
1015	33.6497	34.217	1
1016	1.68277	30.7371	1
1017	39.6187	34.9414	1
1018	4.14593	37.1079	1
1019	4.17565	39.2996	1
1020	4.44228	1.55073	1
1021	8.28851	33.8678	1
1022	15.8154	36.2378	1
1023	21.0731	0.569655	1
