0	34.1765	35.5644	1
1	38.7699	39.1273	1
2	1.68085	39.7858	1
3	5.57421	36.3297	1
4	6.45153	39.1134	1
5	0.704751	0.304593	1
6	7.47797	38.8642	1
7	12.231	5.35315	1
8	17.9322	39.0003	1
9	3.67968	1.91299	1
10	18.9231	38.6063	1
11	18.7123	39.756	1
12	15.0021	38.0806	1
13	17.6269	35.296	1
14	13.4278	3.16646	1
15	15.7403	39.9711	1
16	15.8803	38.8803	1
17	21.8242	39.6727	1
18	22.1013	34.155	1
19	26.3664	37.5846	1
20	25.8969	39.838	1
21	26.9959	0.230695	1
22	29.3479	30.8734	1
23	26.494	3.18104	1
24	27.52	37.4046	1
25	30.0775	34.0307	1
26	27.1544	34.511	1
27	31.4065	37.6393	1
28	30.3556	37.1891	1
29	27.6824	35.5426	1
30	33.7329	39.5976	1
31	31.2568	35.3358	1
32	35.3591	37.0867	1
33	2.48869	39.0274	1
34	38.7274	6.39012	1
35	6.7049	1.30741	1
36	3.55966	37.3817	1
37	8.48313	31.854	1
38	8.66344	6.93188	1
39	5.69675	4.16195	1
40	4.68546	5.7757	1
41	4.62181	2.44408	1
42	16.0763	37.7429	1
43	8.56171	2.39965	1
44	7.67703	5.2435	1
45	17.173	37.4403	1
46	18.2557	37.8085	1
47	9.51183	1.77149	1
48	17.3926	3.36626	1
49	14.3145	5.0183	1
50	16.4476	1.61641	1
51	24.8296	39.3813	1
52	21.7251	36.6878	1
53	21.0454	37.5974	1
54	26.3405	2.11319	1
55	29.3454	36.7858	1
56	22.5804	38.8503	1
57	23.3585	2.02262	1
58	24.3685	2.47054	1
59	24.3551	3.58265	1
60	27.0283	36.4259	1
61	29.5844	37.9491	1
62	29.1557	1.01017	1
63	39.7473	0.81513	1
64	34.5208	37.8223	1
65	32.1956	34.7258	1
66	39.7139	38.5983	1
67	35.6616	38.1751	1
68	0.587747	32.4268	1
69	39.6665	37.4746	1
70	32.6648	39.1474	1
71	39.7026	1.9159	1
72	1.7091	4.16965	1
73	3.6317	36.1968	1
74	3.70005	3.07247	1
75	5.66177	1.90595	1
76	39.7822	4.1919	1
77	7.64942	0.614859	1
78	13.742	39.586	1
79	6.67449	3.5809	1
80	11.6219	8.58864	1
81	20.7616	39.4172	1
82	15.4746	1.12101	1
83	14.5717	0.315472	1
84	14.4285	2.69507	1
85	15.3644	3.3009	1
86	17.0547	6.96891	1
87	23.3846	38.0553	1
88	23.1432	0.984271	1
89	22.3211	4.91624	1
90	17.1945	4.43273	1
91	27.3571	2.47112	1
92	29.9124	0.203057	1
93	22.2939	3.75633	1
94	26.1317	0.957785	1
95	30.6469	38.3699	1
96	30.5566	3.79692	1
97	28.7103	38.6949	1
98	28.1664	36.4945	1
99	1.61381	37.3826	1
100	36.7676	39.0259	1
101	28.6604	5.07298	1
102	37.7568	0.8554	1
103	39.5476	36.3833	1
104	38.774	2.55033	1
105	5.47912	37.4375	1
106	31.338	36.489	1
107	1.71243	0.910989	1
108	2.55075	36.7506	1
109	2.68085	2.48247	1
110	0.757525	9.06399	1
111	6.74015	4.68388	1
112	3.7544	4.14738	1
113	8.58197	1.24893	1
114	13.2951	5.36917	1
115	14.1151	6.12317	1
116	16.8964	39.5967	1
117	16.4124	2.73855	1
118	17.4345	2.18876	1
119	21.3005	3.15538	1
120	18.3888	2.82535	1
121	21.3463	2.01694	1
122	18.2861	4.05104	1
123	19.3656	2.06884	1
124	15.4264	2.21425	1
125	25.031	0.536774	1
126	20.3548	3.76917	1
127	23.2906	3.13254	1
128	26.6135	4.24262	1
129	30.7593	39.5173	1
130	27.9322	9.11058	1
131	34.7543	3.80929	1
132	30.9841	0.665252	1
133	28.5801	37.5119	1
134	35.1804	35.9946	1
135	37.0811	3.86588	1
136	33.6381	4.32744	1
137	39.7115	39.7404	1
138	38.8122	1.37736	1
139	38.3223	7.44631	1
140	1.69513	1.96314	1
141	0.689686	39.1863	1
142	3.71622	5.32115	1
143	3.51348	38.5254	1
144	1.70511	3.09111	1
145	2.71627	3.62404	1
146	8.68747	5.73899	1
147	11.1239	34.6716	1
148	4.70419	4.6852	1
149	14.7814	39.166	1
150	7.64918	4.09056	1
151	13.2728	4.24969	1
152	15.2435	5.7076	1
153	16.2194	3.91698	1
154	15.9794	8.94266	1
155	15.2597	4.47708	1
156	24.227	1.32344	1
157	19.2654	0.907147	1
158	23.9819	0.198053	1
159	28.4293	2.80741	1
160	29.3679	2.17468	1
161	29.7604	39.0317	1
162	28.8601	39.7838	1
163	29.1555	11.9897	1
164	31.619	38.7838	1
165	28.7507	6.2091	1
166	28.2758	1.71886	1
167	30.6079	4.92268	1
168	30.6737	6.07579	1
169	30.4538	2.6376	1
170	29.7246	6.69444	1
171	33.5988	38.5239	1
172	38.227	3.99959	1
173	38.7324	38.0879	1
174	0.805433	4.84235	1
175	39.0822	10.1767	1
176	0.698983	1.47279	1
177	6.63819	2.45272	1
178	3.63874	0.813297	1
179	4.71211	3.59796	1
180	14.3636	3.82889	1
181	10.705	9.15504	1
182	8.69238	9.22063	1
183	39.7396	3.06302	1
184	6.64709	5.80102	1
185	14.4231	1.57388	1
186	8.67606	4.60496	1
187	12.6812	8.95092	1
188	16.2541	5.07873	1
189	25.2124	12.4926	1
190	13.6218	8.31427	1
191	18.8323	9.78863	1
192	22.2725	7.11662	1
193	18.1663	6.86943	1
194	19.392	3.21513	1
195	27.6808	5.75451	1
196	27.5379	3.60649	1
197	28.5647	3.89378	1
198	29.9885	10.0714	1
199	33.2283	10.0896	1
200	29.5338	3.27473	1
201	28.0285	10.2458	1
202	37.753	38.5385	1
203	35.9297	3.57008	1
204	34.5794	4.94579	1
205	30.6884	7.22568	1
206	31.6609	6.55185	1
207	37.7693	1.95098	1
208	39.0032	8.28482	1
209	38.6901	0.239546	1
210	33.4689	7.71516	1
211	37.8007	8.43094	1
212	0.99805	6.00212	1
213	0.297249	10.0727	1
214	2.80012	4.71677	1
215	3.72952	6.43063	1
216	11.9097	6.44605	1
217	9.74212	10.8316	1
218	7.67742	6.38139	1
219	8.61359	3.4413	1
220	7.74798	9.76751	1
221	5.70424	3.07868	1
222	10.6551	7.97376	1
223	9.72213	9.74895	1
224	14.9815	6.82932	1
225	20.2328	13.7432	1
226	19.4188	4.30388	1
227	19.3643	6.55145	1
228	21.0252	14.5898	1
229	19.3577	5.44082	1
230	27.8412	6.86976	1
231	22.3202	6.03609	1
232	30.1559	1.47829	1
233	28.9723	9.61005	1
234	27.8876	8.01783	1
235	31.1023	13.3851	1
236	31.604	5.45186	1
237	30.7831	8.37754	1
238	28.8071	7.31616	1
239	28.8752	8.52866	1
240	33.5597	5.36299	1
241	36.7455	2.73188	1
242	32.5863	5.9308	1
243	37.8061	3.0139	1
244	39.8542	6.16215	1
245	0.689681	3.63241	1
246	39.6056	9.20071	1
247	0.705457	2.54265	1
248	7.7697	8.66998	1
249	2.33828	7.95521	1
250	9.68081	7.45967	1
251	8.72554	8.04359	1
252	9.04734	13.6394	1
253	5.85493	9.98961	1
254	13.8339	7.18839	1
255	9.7319	8.62222	1
256	12.7844	7.54743	1
257	17.1436	8.91268	1
258	12.9991	6.45476	1
259	17.8844	11.866	1
260	26.9178	7.48712	1
261	23.9862	14.3043	1
262	18.238	8.78523	1
263	20.3518	4.91602	1
264	23.3198	5.41814	1
265	20.3659	2.63237	1
266	24.2996	4.7687	1
267	23.3027	6.51327	1
268	26.278	12.5438	1
269	29.8814	8.98607	1
270	31.1525	14.516	1
271	28.1205	12.4838	1
272	37.7753	39.7002	1
273	36.1687	11.6731	1
274	29.5745	4.42563	1
275	31.7023	7.68434	1
276	37.0651	12.3214	1
277	36.0956	13.9133	1
278	37.9602	10.2689	1
279	31.5812	4.25275	1
280	1.29201	14.8848	1
281	2.73473	5.83488	1
282	1.60829	6.981	1
283	39.4761	7.23463	1
284	2.7278	11.7521	1
285	6.75274	9.31187	1
286	1.23027	8.00447	1
287	11.8147	11.9007	1
288	10.8138	6.82739	1
289	7.83634	10.9816	1
290	7.89542	12.0887	1
291	4.86014	9.66112	1
292	17.6985	7.85648	1
293	12.7712	11.3333	1
294	20.5869	10.7298	1
295	19.4636	10.7566	1
296	20.7442	15.63	1
297	19.434	12.8199	1
298	20.3411	6.03258	1
299	22.2731	2.61306	1
300	21.3085	4.36667	1
301	21.3208	5.50754	1
302	23.345	4.25251	1
303	27.1258	10.8575	1
304	29.7914	7.78187	1
305	33.2221	11.1762	1
306	31.1578	12.289	1
307	32.1443	13.9043	1
308	37.2236	9.46262	1
309	37.1336	14.5078	1
310	34.699	6.07025	1
311	32.5252	4.80189	1
312	39.8063	11.0757	1
313	36.7041	8.5394	1
314	37.2056	7.49622	1
315	2.4214	14.5945	1
316	38.6686	11.1901	1
317	6.70945	8.13977	1
318	1.48326	9.98153	1
319	1.81896	5.29074	1
320	2.59694	9.81627	1
321	2.62248	0.290914	1
322	10.8524	12.4799	1
323	11.9321	14.2467	1
324	14.6705	7.87324	1
325	13.0838	15.8406	1
326	8.7457	10.3396	1
327	12.6276	10.1515	1
328	18.2968	12.9299	1
329	18.7853	7.77281	1
330	18.3297	10.8134	1
331	26.8369	13.5147	1
332	23.1797	15.1821	1
333	19.9552	9.7812	1
334	20.2863	7.16371	1
335	26.9727	8.57285	1
336	21.2859	6.60746	1
337	27.6216	4.68628	1
338	30.1992	12.8365	1
339	29.697	5.57428	1
340	33.1544	12.3268	1
341	33.1558	17.8024	1
342	32.1206	12.8097	1
343	37.5407	11.3015	1
344	34.1596	11.7563	1
345	35.1315	12.3279	1
346	3.10353	15.4616	1
347	34.2191	10.6376	1
348	3.36851	12.7204	1
349	0.537241	7.05007	1
350	34.4646	7.13958	1
351	0.461459	11.9911	1
352	0.10979	8.14735	1
353	4.17679	8.76049	1
354	2.70416	6.89312	1
355	1.8467	8.96164	1
356	4.92584	11.5479	1
357	4.30501	10.6612	1
358	8.85268	11.4618	1
359	9.84949	11.9178	1
360	8.62359	17.3492	1
361	10.6975	10.2806	1
362	11.6245	9.67621	1
363	16.2909	19.7572	1
364	16.5806	8.00306	1
365	19.3764	8.808	1
366	26.2118	14.4821	1
367	21.2186	7.69453	1
368	25.0975	14.4193	1
369	25.4416	2.80664	1
370	26.1366	11.4461	1
371	28.13	11.378	1
372	25.9403	8.05443	1
373	28.0017	13.5945	1
374	32.1276	8.64335	1
375	29.1102	13.1662	1
376	29.1224	10.7847	1
377	31.1932	15.6406	1
378	32.0893	11.6752	1
379	35.1241	14.5689	1
380	35.1464	11.2411	1
381	34.1671	12.9133	1
382	3.82715	11.7066	1
383	36.1001	12.8443	1
384	39.8357	16.1926	1
385	36.1009	15.0712	1
386	1.00711	12.923	1
387	3.23045	10.7972	1
388	5.71892	8.86802	1
389	6.89711	11.5756	1
390	2.38004	17.6445	1
391	7.66371	7.53758	1
392	12.9447	12.4445	1
393	6.86152	10.4366	1
394	8.90779	12.5072	1
395	9.97246	13.0951	1
396	17.7412	9.82857	1
397	12.8538	13.5939	1
398	11.6804	7.49772	1
399	17.2477	10.8734	1
400	20.0639	11.6922	1
401	24.6187	13.4159	1
402	19.2143	16.9274	1
403	26.9932	9.72941	1
404	24.1455	12.3958	1
405	26.01	9.16367	1
406	25.7083	13.536	1
407	26.1053	10.3369	1
408	30.2504	17.4095	1
409	27.7722	17.3835	1
410	20.5731	12.7117	1
411	31.2202	16.7983	1
412	32.1468	18.3512	1
413	33.1154	14.4495	1
414	34.1138	16.1516	1
415	35.1017	13.4464	1
416	34.139	14.0162	1
417	37.048	17.8769	1
418	1.61768	11.8762	1
419	32.6505	7.05611	1
420	1.22543	17.8278	1
421	38.4867	9.27845	1
422	1.25034	20.8233	1
423	1.69589	13.8273	1
424	3.51067	14.4054	1
425	3.67771	9.76192	1
426	4.9455	15.9925	1
427	3.07132	8.76268	1
428	11.0012	13.6399	1
429	3.81442	16.3113	1
430	15.4631	18.9055	1
431	12.0843	15.3206	1
432	15.2517	20.0318	1
433	16.6464	9.92217	1
434	16.8793	17.4583	1
435	19.9244	14.8454	1
436	18.9756	11.7752	1
437	27.3176	14.4735	1
438	26.7328	15.4388	1
439	17.6293	15.236	1
440	27.1739	11.9433	1
441	18.1116	17.1248	1
442	26.6621	17.4116	1
443	25.624	15.4581	1
444	30.1935	15.1248	1
445	28.3515	16.517	1
446	28.5199	18.9943	1
447	33.0749	18.9645	1
448	29.8319	18.4285	1
449	30.1463	14.0131	1
450	38.2075	15.0761	1
451	2.11872	10.8679	1
452	2.20716	12.8242	1
453	33.5666	6.46199	1
454	5.77058	16.9154	1
455	2.74817	16.4628	1
456	0.0874294	18.0833	1
457	10.2367	18.7665	1
458	6.52268	17.7805	1
459	4.49692	12.5395	1
460	11.9543	13.0125	1
461	5.9322	12.1691	1
462	10.323	17.6965	1
463	6.93016	12.7437	1
464	4.17654	15.2588	1
465	11.1882	16.9848	1
466	18.4242	16.0961	1
467	11.6906	10.8127	1
468	5.32083	14.9016	1
469	13.121	16.9701	1
470	18.7576	15.0098	1
471	24.3951	15.2842	1
472	16.844	14.4616	1
473	21.3034	16.5206	1
474	22.1205	17.339	1
475	27.8668	15.5129	1
476	30.241	16.2098	1
477	20.8923	20.6217	1
478	27.2362	16.4328	1
479	29.1441	15.7202	1
480	32.202	17.2381	1
481	33.1863	13.3696	1
482	32.2016	16.1028	1
483	29.3339	16.8712	1
484	37.2322	15.6219	1
485	34.1837	15.1047	1
486	35.1254	15.6486	1
487	37.126	13.3952	1
488	37.1103	20.2205	1
489	0.892829	15.9176	1
490	5.95361	11.0901	1
491	8.28547	18.46	1
492	4.30749	18.2219	1
493	7.41808	20.6306	1
494	10.1352	16.4949	1
495	3.19074	18.476	1
496	10.0892	15.3751	1
497	10.7925	11.3541	1
498	10.0159	14.1741	1
499	16.543	18.5627	1
500	7.21084	18.648	1
501	18.0428	20.1669	1
502	12.9226	21.3057	1
503	16.4996	15.5418	1
504	20.6142	18.7322	1
505	13.9075	13.088	1
506	21.8795	15.4704	1
507	22.5984	16.3062	1
508	21.3695	19.4847	1
509	24.9018	16.2479	1
510	23.7376	16.2651	1
511	21.6637	18.4307	1
512	27.4525	18.4722	1
513	20.986	17.5763	1
514	27.4413	21.8863	1
515	32.186	15.0046	1
516	36.2335	16.2078	1
517	32.0801	19.4516	1
518	34.1032	17.2271	1
519	34.1283	20.597	1
520	38.1229	13.9306	1
521	39.3426	17.2204	1
522	33.1908	16.7405	1
523	1.998	15.7195	1
524	38.2205	16.2547	1
525	4.65433	17.1128	1
526	1.5949	19.7956	1
527	4.6772	24.5224	1
528	5.07248	18.9922	1
529	3.463	17.375	1
530	10.1045	19.8249	1
531	9.13077	19.273	1
532	11.0024	14.7669	1
533	12.1112	16.4432	1
534	10.1453	22.024	1
535	12.1154	17.5008	1
536	15.1058	21.1733	1
537	15.7099	17.8412	1
538	16.2448	20.8792	1
539	17.3181	16.2981	1
540	19.5195	18.9362	1
541	17.9781	14.1168	1
542	19.023	13.8271	1
543	22.0215	20.3666	1
544	26.0925	16.4076	1
545	22.762	18.2335	1
546	28.7935	17.8767	1
547	25.5252	17.3508	1
548	25.4927	20.8613	1
549	32.1665	24.8659	1
550	33.9601	28.5817	1
551	28.4583	21.353	1
552	32.9227	25.804	1
553	32.1103	20.6077	1
554	31.0343	18.1396	1
555	38.1552	12.2431	1
556	39.3773	12.1182	1
557	36.0262	18.3623	1
558	1.6285	16.7679	1
559	36.0772	17.2529	1
560	36.9785	19.071	1
561	0.501306	17.038	1
562	2.40468	20.5931	1
563	5.80356	19.9067	1
564	7.96848	13.1369	1
565	6.1542	18.846	1
566	11.2957	18.2942	1
567	8.01805	19.6033	1
568	14.1652	23.1134	1
569	11.7872	21.2991	1
570	14.6835	22.2017	1
571	13.6612	24.166	1
572	10.7061	20.8614	1
573	19.8024	20.9607	1
574	17.4885	21.1177	1
575	9.34087	18.1849	1
576	13	14.6906	1
577	18.4293	19.0359	1
578	24.5007	21.4715	1
579	19.9115	17.7918	1
580	22.4398	22.285	1
581	28.3868	22.4687	1
582	27.504	20.7949	1
583	26.5418	20.2791	1
584	26.4102	22.5645	1
585	29.3843	21.9194	1
586	35.1175	28.5034	1
587	34.4849	24.5903	1
588	35.019	20.0689	1
589	35.134	16.7156	1
590	34.8017	26.5242	1
591	33.1216	15.5652	1
592	34.057	18.3318	1
593	38.9792	18.2605	1
594	39.387	20.1819	1
595	39.7088	19.1247	1
596	38.2599	20.3768	1
597	2.69493	19.4878	1
598	7.547	23.4446	1
599	6.496	21.999	1
600	0.819324	18.9495	1
601	2.46822	24.7327	1
602	8.44098	22.6578	1
603	11.2027	19.4022	1
604	14.1737	25.1499	1
605	13.0097	23.2015	1
606	15.8674	30.843	1
607	10.4736	23.3373	1
608	17.3488	19.327	1
609	18.9268	31.0153	1
610	18.8108	17.9393	1
611	19.1785	20.0688	1
612	20.556	26.4158	1
613	19.3709	21.9349	1
614	21.7096	21.4602	1
615	25.5289	19.7451	1
616	27.3527	23.0066	1
617	29.5454	19.5302	1
618	29.4473	20.7789	1
619	33.1112	20.0822	1
620	29.9344	26.1179	1
621	29.2568	29.0175	1
622	33.3709	24.667	1
623	37.0744	26.1445	1
624	33.686	26.7169	1
625	38.211	17.4463	1
626	37.2142	16.7561	1
627	36.3698	25.3565	1
628	0.145782	21.1273	1
629	38.9797	21.2098	1
630	5.43655	17.9958	1
631	38.5663	24.8102	1
632	0.300837	25.4184	1
633	2.98978	26.7284	1
634	1.78289	22.8702	1
635	6.85981	19.6961	1
636	7.75599	24.533	1
637	11.1144	15.8818	1
638	8.83734	24.9041	1
639	11.5744	23.5092	1
640	10.9958	29.1404	1
641	13.9931	21.2055	1
642	17.7445	27.9219	1
643	13.531	22.2509	1
644	17.6517	18.2075	1
645	12.3965	22.2736	1
646	19.4078	26.1817	1
647	23.5351	22.0628	1
648	20.4974	21.7155	1
649	28.241	24.9824	1
650	25.4272	24.2554	1
651	26.4194	21.4015	1
652	29.3681	25.0533	1
653	28.5467	20.1504	1
654	31.0541	28.0794	1
655	31.8765	25.9745	1
656	32.7813	28.7443	1
657	28.5812	29.9106	1
658	38.6641	19.3429	1
659	1.18586	29.2213	1
660	35.0778	17.7754	1
661	34.3814	27.5819	1
662	35.1885	25.4903	1
663	37.9381	18.5462	1
664	35.0591	18.9307	1
665	34.9973	21.2861	1
666	0.908789	21.9791	1
667	6.03601	26.0299	1
668	1.97557	21.7284	1
669	8.60987	23.8256	1
670	7.58578	17.5527	1
671	5.59509	23.8243	1
672	11.2508	22.4395	1
673	11.8148	24.9298	1
674	10.0286	25.3027	1
675	20.7656	23.7776	1
676	18.3738	25.8402	1
677	11.0129	25.6917	1
678	20.1698	22.7874	1
679	18.1945	22.161	1
680	18.8882	28.0047	1
681	22.8162	21.2016	1
682	25.4875	21.9476	1
683	24.4167	17.233	1
684	27.1587	24.9517	1
685	23.0889	26.8598	1
686	25.5161	29.1001	1
687	24.3859	24.8785	1
688	27.5068	19.6167	1
689	24.1648	26.6214	1
690	29.8638	28.1588	1
691	30.3642	27.1815	1
692	34.0018	25.607	1
693	32.5936	26.8745	1
694	35.3735	30.3927	1
695	37.4825	25.0825	1
696	33.7677	31.5818	1
697	38.4175	27.7952	1
698	36.0012	19.5449	1
699	35.8925	26.3469	1
700	5.49259	27.8694	1
701	38.1623	25.9743	1
702	6.64747	24.2197	1
703	3.58885	24.1585	1
704	5.41266	22.6844	1
705	6.43179	23.1273	1
706	13.0534	25.1747	1
707	9.09064	30.0621	1
708	13.9038	30.199	1
709	16.7084	28.5234	1
710	16.7313	27.4189	1
711	16.6792	31.6549	1
712	17.4148	26.5084	1
713	14.7608	24.1482	1
714	19.1196	29.9066	1
715	18.4747	26.932	1
716	23.4762	23.1477	1
717	20.2421	19.7741	1
718	23.3034	17.2778	1
719	24.471	22.6287	1
720	24.5177	20.2693	1
721	22.9782	30.9358	1
722	26.0873	25.1668	1
723	27.5776	27.941	1
724	25.4842	23.159	1
725	26.4922	23.7795	1
726	32.122	27.8508	1
727	28.1916	27.046	1
728	31.4546	27.0092	1
729	33.9043	23.6435	1
730	36.5891	30.1877	1
731	39.9716	26.5197	1
732	0.502661	19.9955	1
733	38.8644	26.7927	1
734	3.80364	25.2188	1
735	3.43582	28.5844	1
736	1.36717	25.0233	1
737	6.35108	27.1193	1
738	2.61725	23.5984	1
739	6.96357	25.3487	1
740	4.54097	23.4116	1
741	12.4962	24.1065	1
742	10.7854	24.4438	1
743	9.02833	25.9775	1
744	13.6422	26.1476	1
745	17.2675	29.453	1
746	20.5613	28.5645	1
747	18.2997	33.1886	1
748	16.9655	30.5473	1
749	17.785	31.3112	1
750	23.3915	24.365	1
751	24.6832	28.3545	1
752	24.4057	23.7656	1
753	23.8389	27.6443	1
754	21.3278	22.5448	1
755	21.9751	27.0629	1
756	23.7788	31.6622	1
757	21.4586	29.3612	1
758	29.2388	27.0247	1
759	26.9141	28.8786	1
760	34.6932	29.5033	1
761	31.5963	31.3073	1
762	31.1546	30.1566	1
763	39.5923	27.5747	1
764	36.2875	28.2431	1
765	35.8384	29.3668	1
766	34.0616	19.4795	1
767	33.2568	27.7734	1
768	35.9447	20.6551	1
769	2.2464	25.8806	1
770	6.47667	28.299	1
771	8.75105	28.9301	1
772	4.04262	26.4273	1
773	4.91516	25.6192	1
774	8.42168	27.8432	1
775	1.65	23.9608	1
776	7.993	25.6358	1
777	9.70739	24.1573	1
778	9.4518	22.9993	1
779	18.6608	21.1206	1
780	18.3673	29.104	1
781	19.6821	39.4042	1
782	20.7966	31.4427	1
783	18.6433	32.1012	1
784	19.507	28.9047	1
785	20.8399	27.4564	1
786	21.6707	28.2344	1
787	19.7219	27.2663	1
788	19.9547	30.6399	1
789	21.6433	32.2916	1
790	20.3055	29.6218	1
791	28.0562	28.9719	1
792	21.9302	31.2459	1
793	22.4361	33.0956	1
794	27.8031	24.001	1
795	32.3685	29.8453	1
796	25.2475	30.1997	1
797	36.6635	32.3875	1
798	34.1464	30.5298	1
799	34.8929	31.3722	1
800	39.8329	33.2562	1
801	39.2021	25.6701	1
802	1.09346	26.1833	1
803	0.358072	28.3089	1
804	2.25122	28.9261	1
805	5.24404	26.7695	1
806	9.54327	28.142	1
807	1.46797	28.0994	1
808	3.7674	27.5545	1
809	1.94526	18.7284	1
810	7.38113	27.5163	1
811	5.7788	24.9345	1
812	12.6423	30.6876	1
813	12.0981	28.8179	1
814	12.2246	26.0321	1
815	15.5225	31.8364	1
816	16.5698	35.5777	1
817	16.2177	29.739	1
818	23.5012	25.6395	1
819	20.1672	33.6841	1
820	26.3339	29.8358	1
821	27.6422	25.9379	1
822	23.3128	29.7902	1
823	19.7247	31.7587	1
824	19.9011	34.8273	1
825	21.3068	33.3766	1
826	25.8992	36.5063	1
827	24.2565	33.5666	1
828	28.7305	28.0439	1
829	29.8575	32.9268	1
830	29.6514	31.8791	1
831	30.7631	32.0647	1
832	37.7062	30.0276	1
833	33.0749	30.6861	1
834	37.0326	29.1512	1
835	37.2749	31.3207	1
836	36.9525	33.5005	1
837	36.6636	27.1816	1
838	39.2242	28.624	1
839	4.54903	28.3986	1
840	0.0830695	29.4341	1
841	9.22153	27.0704	1
842	7.62004	28.6068	1
843	1.89951	26.9534	1
844	10.5403	30.3515	1
845	11.4527	32.0218	1
846	12.9666	29.6367	1
847	14.6712	35.1046	1
848	11.5708	30.9634	1
849	11.9883	33.8579	1
850	7.15236	26.3692	1
851	12.5198	31.783	1
852	18.0862	30.2287	1
853	22.2347	30.1058	1
854	21.4844	38.6447	1
855	19.4193	32.8996	1
856	23.5489	28.7038	1
857	21.1402	30.4094	1
858	22.7271	27.8917	1
859	19.1047	33.9903	1
860	26.6412	33.5603	1
861	24.3763	29.4613	1
862	30.5084	29.0567	1
863	35.9147	33.2092	1
864	28.7935	26.0685	1
865	31.1299	34.2908	1
866	33.5389	29.641	1
867	30.3952	31.0393	1
868	36.1751	31.2228	1
869	35.5244	27.4481	1
870	38.1878	28.9901	1
871	0.792012	27.2104	1
872	6.89434	29.375	1
873	4.93768	30.2278	1
874	6.32004	31.1469	1
875	6.55528	32.2267	1
876	3.87995	30.5185	1
877	2.70785	1.39287	1
878	0.334445	35.5659	1
879	7.18372	30.4334	1
880	10.4413	31.4699	1
881	10.1204	26.4327	1
882	8.28358	30.7796	1
883	8.65454	32.9518	1
884	14.8783	34.0098	1
885	17.1331	33.4626	1
886	6.54671	37.9839	1
887	13.5698	31.3963	1
888	14.4167	32.1642	1
889	15.1832	32.8862	1
890	14.6609	31.0721	1
891	19.6248	35.86	1
892	20.3819	38.4423	1
893	20.5498	32.546	1
894	19.8759	37.2929	1
895	20.6155	36.4351	1
896	25.2574	37.504	1
897	29.9891	29.959	1
898	33.102	33.9274	1
899	31.7455	32.4894	1
900	24.0405	30.5918	1
901	37.9878	33.8057	1
902	34.2791	36.6729	1
903	37.7333	26.9839	1
904	38.9609	29.7681	1
905	37.711	32.6358	1
906	32.2454	35.8456	1
907	0.824518	30.2744	1
908	5.42471	29.1594	1
909	39.0219	34.1592	1
910	6.03678	30.0812	1
911	6.93639	34.3498	1
912	4.49881	37.9973	1
913	2.77318	30.7183	1
914	5.40512	38.5938	1
915	10.5146	32.5783	1
916	8.16426	26.7136	1
917	9.86134	29.2699	1
918	9.4829	32.2196	1
919	10.0126	34.4179	1
920	13.383	32.4763	1
921	12.7431	34.693	1
922	13.0501	33.6204	1
923	15.9869	33.7225	1
924	13.1906	28.5007	1
925	15.0682	30.0461	1
926	16.3142	32.6963	1
927	21.0307	34.427	1
928	18.7183	35.0845	1
929	22.1897	37.7527	1
930	23.5077	32.7713	1
931	24.5309	38.3631	1
932	22.4879	29.0329	1
933	32.8311	32.8208	1
934	31.7185	28.992	1
935	24.6033	32.4511	1
936	23.1779	33.8722	1
937	37.157	34.663	1
938	39.3027	35.2052	1
939	28.2718	34.5497	1
940	35.967	34.2726	1
941	35.0028	33.8056	1
942	36.1791	35.3622	1
943	4.17033	29.4386	1
944	8.00564	29.6861	1
945	2.57044	27.8403	1
946	0.916665	33.5899	1
947	7.3691	31.495	1
948	12.3158	32.8296	1
949	6.63672	0.195259	1
950	9.34164	31.1365	1
951	7.58722	32.6027	1
952	9.81032	33.3489	1
953	8.88682	34.0726	1
954	14.0958	33.2849	1
955	7.58795	2.97828	1
956	16.8567	34.5205	1
957	10.9372	33.6044	1
958	16.2806	36.6434	1
959	13.925	38.5029	1
960	15.7764	34.7769	1
961	18.5546	36.1973	1
962	22.9117	39.8949	1
963	17.9965	34.2503	1
964	23.7195	39.1034	1
965	24.8362	34.5626	1
966	28.1215	0.63604	1
967	22.7335	32.0199	1
968	26.0471	34.4981	1
969	27.4277	29.8695	1
970	32.668	31.7223	1
971	27.7921	33.5407	1
972	28.9433	33.618	1
973	31.7848	39.8528	1
974	33.2819	36.2939	1
975	33.135	35.1482	1
976	39.4796	32.2302	1
977	38.7478	33.0164	1
978	3.07971	29.6981	1
979	11.8423	29.911	1
980	32.3862	37.0212	1
981	2.58067	37.9157	1
982	0.644904	36.8394	1
983	4.54183	35.6786	1
984	0.676437	38.0329	1
985	15.2263	36.9192	1
986	7.65096	1.83693	1
987	5.59525	39.7284	1
988	5.69576	0.809094	1
989	13.8566	34.3773	1
990	14.1252	37.2824	1
991	14.4252	36.1493	1
992	16.9145	38.5001	1
993	13.5969	35.4217	1
994	20.2896	1.48199	1
995	25.2672	1.66753	1
996	20.24	0.386853	1
997	17.3987	36.3476	1
998	25.4112	33.5391	1
999	24.8656	31.36	1
1000	26.5601	35.4285	1
1001	27.1687	1.36615	1
1002	25.4488	35.4605	1
1003	30.8973	33.2084	1
1004	31.993	33.5753	1
1005	25.6322	38.6405	1
1006	30.2945	36.037	1
1007	35.5763	32.2325	1
1008	32.5336	38.0946	1
1009	22.8695	36.8975	1
1010	33.4452	37.4143	1
1011	6.73933	33.298	1
1012	35.0739	34.924	1
1013	38.2302	34.9003	1
1014	38.4801	35.9351	1
1015	34.0435	34.4834	1
1016	1.93951	30.029	1
1017	0.126496	34.3791	1
1018	4.56587	36.8314	1
1019	4.49167	39.1077	1
1020	4.67234	1.31973	1
1021	7.82329	33.6926	1
1022	15.4327	35.8453	1
1023	21.2218	0.845401	1
