0	33.898	35.3658	1
1	38.158	39.8326	1
2	1.15146	0.114671	1
3	4.86427	36.5765	1
4	5.91971	39.3533	1
5	0.240756	0.797679	1
6	6.90631	38.7482	1
7	12.7737	5.67398	1
8	18.0077	39.7127	1
9	3.40868	2.158	1
10	18.4309	37.4142	1
11	19.0431	39.3965	1
12	15.1499	38.3383	1
13	17.8628	35.5438	1
14	13.4933	3.91206	1
15	15.6654	0.188206	1
16	15.9873	39.1358	1
17	21.7158	39.6767	1
18	22.26	34.3212	1
19	26.233	37.6691	1
20	25.8659	39.7801	1
21	26.9324	0.167604	1
22	29.4099	30.8279	1
23	26.3657	3.23766	1
24	27.3066	37.5775	1
25	30.0867	33.6257	1
26	27.2535	34.6135	1
27	31.4596	37.8195	1
28	30.3824	37.3805	1
29	27.776	35.5666	1
30	33.8833	39.6107	1
31	31.0367	35.5209	1
32	35.2735	36.8859	1
33	2.09594	39.5189	1
34	38.9333	6.72971	1
35	6.2722	1.50754	1
36	2.93426	37.7959	1
37	8.64398	31.9188	1
38	8.77244	7.02831	1
39	5.48718	4.39281	1
40	4.58215	6.01302	1
41	4.39139	2.70642	1
42	16.2569	38.0762	1
43	8.26476	2.57003	1
44	7.4738	5.48323	1
45	17.3616	37.7221	1
46	18.1913	38.5742	1
47	9.22727	2.00179	1
48	17.28	3.2451	1
49	14.708	5.44432	1
50	16.0478	1.75232	1
51	24.7519	39.3716	1
52	21.6865	36.4579	1
53	20.5961	36.8276	1
54	26.1134	2.20783	1
55	29.2751	36.9775	1
56	22.3005	38.4807	1
57	23.0507	1.79144	1
58	24.1375	2.29844	1
59	24.175	3.37513	1
60	27.0781	36.5238	1
61	29.5035	38.1171	1
62	28.9842	1.05778	1
63	39.3211	1.38949	1
64	34.4867	37.7857	1
65	31.8006	34.6491	1
66	39.0578	39.2068	1
67	35.7015	37.9144	1
68	0.501627	33.3735	1
69	38.969	37.9453	1
70	32.7142	39.2236	1
71	39.4768	2.49911	1
72	1.59258	4.62528	1
73	2.90871	36.6367	1
74	3.47964	3.30119	1
75	5.35563	2.12751	1
76	39.6613	4.76282	1
77	7.17087	0.826827	1
78	13.8069	39.5987	1
79	6.42147	3.7788	1
80	11.9844	8.54276	1
81	20.1231	39.0261	1
82	14.9056	1.40254	1
83	14.5609	0.419254	1
84	14.3217	3.29489	1
85	15.3867	3.62857	1
86	16.8522	6.18886	1
87	23.352	37.9631	1
88	22.9542	0.63426	1
89	22.1532	4.56847	1
90	17.4388	4.44582	1
91	27.193	2.48816	1
92	29.828	0.355636	1
93	22.1701	3.43337	1
94	26.0422	0.915234	1
95	30.5563	38.5109	1
96	30.4773	3.63251	1
97	28.5996	38.8832	1
98	28.1567	36.7247	1
99	0.922861	37.9682	1
100	36.9756	38.1913	1
101	28.745	5.0379	1
102	37.3491	1.62335	1
103	38.7397	36.8814	1
104	38.4757	3.17226	1
105	4.88433	37.7336	1
106	31.2596	36.6884	1
107	1.30173	1.18468	1
108	1.97567	37.2489	1
109	2.37891	2.77887	1
110	0.865908	9.43563	1
111	6.46921	4.88517	1
112	3.49115	4.42223	1
113	8.11789	1.38253	1
114	13.7989	6.14434	1
115	14.8174	6.61789	1
116	16.8626	39.9516	1
117	16.2108	2.80043	1
118	17.0496	2.11882	1
119	21.1803	2.92534	1
120	18.1756	2.54111	1
121	21.179	1.70174	1
122	18.2649	3.70158	1
123	19.1264	1.84904	1
124	15.1271	2.49667	1
125	24.9362	0.491515	1
126	20.2044	3.53698	1
127	23.1093	2.88562	1
128	26.6086	4.25941	1
129	30.7329	39.5756	1
130	28.5279	9.10108	1
131	34.44	2.98119	1
132	30.899	0.646239	1
133	28.4347	37.764	1
134	34.8576	35.8745	1
135	36.6818	4.47978	1
136	33.4691	3.68461	1
137	39.1659	0.260259	1
138	38.3905	2.0291	1
139	38.5297	7.74196	1
140	1.38669	2.37528	1
141	0.1112	39.6525	1
142	3.61784	5.49117	1
143	3.00199	38.9226	1
144	1.50766	3.56439	1
145	2.49986	3.98477	1
146	8.53684	5.91665	1
147	11.3724	34.6774	1
148	4.52321	4.9337	1
149	14.9196	39.3674	1
150	7.42961	4.3337	1
151	13.6279	5.04399	1
152	15.7458	5.84863	1
153	16.4325	3.99309	1
154	16.1276	8.09251	1
155	15.535	4.70285	1
156	23.9458	1.13899	1
157	18.8604	0.532641	1
158	23.8915	0.0630033	1
159	28.3397	2.89969	1
160	29.2115	2.13827	1
161	29.6912	39.2663	1
162	28.8125	39.9677	1
163	30.042	11.8834	1
164	31.6686	38.8566	1
165	28.91	6.16976	1
166	28.063	1.75529	1
167	30.6885	4.74148	1
168	30.8575	5.83267	1
169	30.2189	2.52246	1
170	29.9684	6.52982	1
171	33.5758	38.5298	1
172	38.6692	4.26231	1
173	38.081	38.6775	1
174	0.68295	5.22926	1
175	39.3923	10.5627	1
176	0.396671	1.89002	1
177	6.33989	2.64334	1
178	3.31749	1.06811	1
179	4.44401	3.88263	1
180	14.5054	4.35441	1
181	11.0075	9.17292	1
182	9.03578	9.27811	1
183	39.5919	3.67432	1
184	6.55366	6.03526	1
185	14.0279	2.13827	1
186	8.42614	4.81906	1
187	13.0433	9.10438	1
188	16.5613	5.12182	1
189	26.0098	12.5502	1
190	13.9255	8.39547	1
191	18.7409	9.55279	1
192	22.251	6.81051	1
193	17.8977	6.41331	1
194	19.2921	3.00481	1
195	27.8817	5.81544	1
196	27.4772	3.56209	1
197	28.5488	3.96076	1
198	30.6772	9.85163	1
199	33.1152	10.0439	1
200	29.3931	3.25397	1
201	28.7259	10.2768	1
202	37.1497	39.2603	1
203	35.5764	4.22716	1
204	34.5146	4.09823	1
205	31.0206	6.90387	1
206	31.9451	6.2226	1
207	37.4216	2.71476	1
208	39.2006	8.62679	1
209	38.2922	0.962204	1
210	33.9525	7.09061	1
211	38.0697	8.74419	1
212	0.736203	6.41464	1
213	0.558688	10.4848	1
214	2.5663	5.07206	1
215	3.68927	6.66378	1
216	11.8425	6.27845	1
217	10.1839	10.9193	1
218	7.62864	6.59011	1
219	8.34999	3.7147	1
220	8.11039	9.92146	1
221	5.41346	3.2356	1
222	10.9668	8.02215	1
223	10.0565	9.8034	1
224	15.8888	6.97879	1
225	20.742	13.5442	1
226	19.2605	4.17148	1
227	19.1076	6.57818	1
228	21.426	14.4162	1
229	19.245	5.36033	1
230	28.002	6.92809	1
231	22.1823	5.66839	1
232	30.0805	1.40411	1
233	29.5847	9.54753	1
234	28.2729	7.97977	1
235	31.1592	13.6193	1
236	31.7204	5.13643	1
237	31.1992	7.9533	1
238	29.0948	7.21191	1
239	29.3592	8.43068	1
240	33.664	4.7483	1
241	36.4377	3.38127	1
242	32.8095	5.48037	1
243	37.5558	3.75998	1
244	39.7526	5.8556	1
245	0.58588	4.15541	1
246	39.8288	9.55852	1
247	0.461893	2.98727	1
248	8.04733	8.82053	1
249	2.45924	8.2484	1
250	9.84889	7.47469	1
251	8.94677	8.13134	1
252	9.24501	13.7512	1
253	6.15463	10.0283	1
254	13.8815	7.26557	1
255	10.0049	8.68655	1
256	12.9362	7.84759	1
257	17.2332	8.32051	1
258	12.8399	6.76334	1
259	17.1727	11.2818	1
260	27.1806	7.71097	1
261	24.464	14.2155	1
262	18.3888	8.52622	1
263	20.2037	4.67148	1
264	23.1704	5.03359	1
265	20.243	2.37299	1
266	24.1954	4.49025	1
267	23.1666	6.1915	1
268	27.1107	12.7701	1
269	30.4097	8.78646	1
270	31.2198	14.7905	1
271	29.1373	12.568	1
272	37.2934	0.483114	1
273	35.9501	11.7927	1
274	29.6111	4.3681	1
275	32.1554	7.34627	1
276	36.9186	12.2644	1
277	36.018	14.0426	1
278	38.2758	10.7381	1
279	31.473	4.04941	1
280	1.14243	14.3603	1
281	2.66426	6.15208	1
282	1.75895	6.97493	1
283	39.7278	7.53877	1
284	2.98588	12.0196	1
285	7.15289	9.4131	1
286	1.35308	8.42074	1
287	12.1599	12.0142	1
288	10.8895	6.87201	1
289	8.12605	11.0076	1
290	8.21126	12.061	1
291	5.08624	9.8211	1
292	18.01	7.48926	1
293	13.0573	11.2787	1
294	20.1949	10.8197	1
295	19.0837	10.6616	1
296	20.9831	15.4243	1
297	18.9666	12.6759	1
298	20.3073	5.79214	1
299	22.0887	2.29846	1
300	21.1902	4.01977	1
301	21.2422	5.13088	1
302	23.147	3.95947	1
303	27.9082	11.012	1
304	30.1653	7.64661	1
305	32.9612	11.2706	1
306	31.1125	12.5277	1
307	32.1513	14.1572	1
308	37.555	9.74922	1
309	37.0333	14.5246	1
310	34.6953	5.18528	1
311	32.5856	4.35404	1
312	0.122745	11.4796	1
313	36.9817	8.84485	1
314	37.3886	7.78955	1
315	2.26342	14.1462	1
316	38.9544	11.6453	1
317	6.97396	8.3006	1
318	1.61851	10.36	1
319	1.64393	5.76874	1
320	2.74525	10.1476	1
321	2.28424	0.588787	1
322	11.1716	12.5881	1
323	12.197	14.2229	1
324	15.0198	7.78059	1
325	13.266	15.9907	1
326	9.08941	10.3842	1
327	13.0176	10.1866	1
328	17.871	12.8954	1
329	19.108	7.65545	1
330	17.9588	10.4436	1
331	27.3476	13.8194	1
332	23.6681	15.0482	1
333	19.8453	9.78189	1
334	20.2246	6.90306	1
335	27.477	8.77777	1
336	21.2516	6.29541	1
337	27.7321	4.68981	1
338	30.1743	13.0649	1
339	29.7954	5.443	1
340	33.0638	12.4411	1
341	33.3498	18.028	1
342	32.1274	13.0674	1
343	37.9115	11.7788	1
344	33.9662	11.8359	1
345	35.0091	12.3478	1
346	3.00588	14.8843	1
347	34.0133	10.71	1
348	3.6858	12.8311	1
349	0.799456	7.44981	1
350	34.885	6.37042	1
351	1.1982	11.3889	1
352	0.308884	8.55333	1
353	4.31879	8.97004	1
354	2.7832	7.22639	1
355	2.01191	9.33626	1
356	5.22537	11.6901	1
357	4.56244	10.7728	1
358	9.21498	11.5013	1
359	10.1969	12.0646	1
360	9.25356	16.9554	1
361	11.1112	10.2799	1
362	12.0458	9.67154	1
363	16.4366	19.2173	1
364	16.956	7.27828	1
365	19.5003	8.66655	1
366	26.6499	14.684	1
367	21.2328	7.40821	1
368	25.5584	14.4736	1
369	25.1583	2.85571	1
370	26.9507	11.6846	1
371	28.9317	11.4479	1
372	26.3421	8.44196	1
373	28.2676	13.2017	1
374	31.7923	8.82688	1
375	29.2908	13.7328	1
376	29.7769	10.6854	1
377	31.2014	15.904	1
378	32.0259	11.9361	1
379	35.0251	14.6225	1
380	35.005	11.2341	1
381	34.0604	12.9443	1
382	4.16648	11.8408	1
383	35.9874	12.8689	1
384	39.5783	15.6386	1
385	36.1246	15.1548	1
386	0.803879	12.4343	1
387	3.44338	11.0281	1
388	5.93238	8.82916	1
389	7.1784	11.6205	1
390	2.38829	17.0563	1
391	7.89035	7.653	1
392	13.0996	12.4798	1
393	7.12789	10.5126	1
394	9.27271	12.6028	1
395	10.2464	13.1666	1
396	17.6369	9.36245	1
397	13.1167	13.6048	1
398	11.8738	7.36568	1
399	16.8556	10.2869	1
400	19.4664	11.6599	1
401	25.2685	13.4367	1
402	19.4012	16.6342	1
403	27.7231	9.83864	1
404	24.9184	12.4065	1
405	26.6611	9.493	1
406	26.3118	13.6009	1
407	26.8119	10.5645	1
408	30.3787	17.8143	1
409	28.4582	18.0093	1
410	20.1249	12.5879	1
411	31.2527	17.025	1
412	32.3978	18.6706	1
413	33.1309	14.6437	1
414	34.1638	16.2979	1
415	35.0668	13.4953	1
416	34.1047	14.0529	1
417	37.2206	17.8384	1
418	1.86644	12.2478	1
419	32.9646	6.61172	1
420	1.22645	17.3097	1
421	38.6686	9.6781	1
422	1.43795	20.3413	1
423	1.4967	13.3024	1
424	3.36616	13.8536	1
425	3.84791	9.98406	1
426	4.93136	15.5013	1
427	3.09789	9.12746	1
428	11.1573	13.6972	1
429	3.78832	15.6994	1
430	15.3853	18.7091	1
431	12.2131	15.379	1
432	15.483	19.7911	1
433	16.4827	9.17401	1
434	17.0825	17.1013	1
435	20.2583	14.5462	1
436	18.2606	11.5419	1
437	27.7827	14.8104	1
438	27.044	15.6825	1
439	18.1204	14.828	1
440	28.034	12.1619	1
441	18.3268	16.9123	1
442	26.6736	17.7533	1
443	25.8753	15.5199	1
444	30.2274	15.4593	1
445	28.4602	16.8785	1
446	28.4212	19.1841	1
447	33.4253	19.2533	1
448	30.4679	19.014	1
449	30.2227	14.2888	1
450	38.0925	15.021	1
451	2.29087	11.1864	1
452	2.5386	13.0589	1
453	33.8601	5.90835	1
454	5.69833	16.3526	1
455	2.69176	15.9719	1
456	0.179433	17.6197	1
457	10.0185	18.7765	1
458	6.38568	17.1594	1
459	4.93373	12.6985	1
460	12.1509	13.1347	1
461	6.26117	12.2178	1
462	10.1534	17.6825	1
463	7.19124	12.7685	1
464	4.15229	14.6865	1
465	11.1569	17.043	1
466	18.7011	15.816	1
467	12.1505	10.7716	1
468	4.44895	13.7031	1
469	13.1142	17.1368	1
470	19.1901	14.7151	1
471	24.8045	15.2854	1
472	17.3785	13.8761	1
473	21.7559	16.2681	1
474	22.4258	17.2739	1
475	28.143	15.8217	1
476	30.2805	16.6081	1
477	21.2124	20.3513	1
478	27.3937	16.8629	1
479	29.2837	16.1434	1
480	32.2953	17.5543	1
481	33.0951	13.5316	1
482	32.269	16.4596	1
483	29.3915	17.3766	1
484	37.1259	15.6212	1
485	34.1103	15.1488	1
486	35.1433	15.7017	1
487	36.9751	13.389	1
488	37.2873	19.9817	1
489	0.822009	15.4526	1
490	6.17286	11.0899	1
491	8.2396	17.4396	1
492	4.23514	17.6549	1
493	7.94095	19.6194	1
494	10.2253	16.4993	1
495	3.11936	17.837	1
496	10.3149	15.4301	1
497	11.1792	11.4245	1
498	10.2342	14.2424	1
499	16.7379	18.1065	1
500	7.20516	17.8857	1
501	18.2937	19.8646	1
502	13.2315	20.418	1
503	17.0464	15.0715	1
504	20.8477	18.4275	1
505	14.0595	13.0162	1
506	22.1625	15.2578	1
507	22.9022	16.1148	1
508	21.6885	19.3731	1
509	25.1197	16.368	1
510	24.0353	16.1368	1
511	21.9505	18.2439	1
512	27.4316	18.6489	1
513	21.2768	17.3082	1
514	27.4517	21.966	1
515	32.2065	15.2571	1
516	36.2104	16.2146	1
517	32.4693	19.8626	1
518	34.3039	17.3885	1
519	34.4516	20.7675	1
520	37.9497	13.9651	1
521	39.1679	16.7045	1
522	33.2677	16.8796	1
523	1.90786	15.199	1
524	38.2063	16.1395	1
525	4.58012	16.5862	1
526	1.75856	19.2321	1
527	4.36319	25.1654	1
528	5.06573	18.4247	1
529	3.48686	16.8108	1
530	9.82727	19.9245	1
531	8.95254	19.1971	1
532	11.1912	14.8136	1
533	12.2482	16.5214	1
534	10.5101	22.175	1
535	12.1016	17.6363	1
536	15.4174	20.9029	1
537	15.7826	17.6383	1
538	16.4587	20.2856	1
539	17.5751	16.0198	1
540	19.7425	18.6133	1
541	18.5536	13.77	1
542	19.6286	13.5973	1
543	22.326	20.3055	1
544	26.3271	16.6005	1
545	23.0842	18.185	1
546	29.4191	18.5671	1
547	25.6268	17.4465	1
548	25.4892	20.903	1
549	32.542	24.7451	1
550	33.8707	28.7193	1
551	28.4645	21.4249	1
552	33.083	25.7383	1
553	32.5919	21.0616	1
554	31.4157	18.2271	1
555	37.9318	12.8211	1
556	39.625	12.5182	1
557	36.2628	18.4353	1
558	1.59956	16.2386	1
559	36.1682	17.3159	1
560	37.2865	18.9093	1
561	0.375073	16.4529	1
562	2.56741	20.0195	1
563	5.90945	19.3138	1
564	8.24624	13.1149	1
565	6.14009	18.2389	1
566	11.1146	18.2291	1
567	8.14171	18.4812	1
568	13.8585	22.5527	1
569	11.2447	21.2649	1
570	14.5355	21.6769	1
571	13.2028	23.4645	1
572	10.2188	20.9349	1
573	20.0927	20.5367	1
574	17.5701	20.7046	1
575	9.1445	18.0918	1
576	13.1247	14.7874	1
577	18.6012	18.8497	1
578	24.4679	21.539	1
579	20.1631	17.5537	1
580	22.5075	22.2855	1
581	28.5017	22.5266	1
582	27.4463	20.862	1
583	26.4493	20.296	1
584	26.4998	22.5771	1
585	29.4496	21.9791	1
586	35.0064	28.6581	1
587	34.7518	24.7541	1
588	35.3516	20.1664	1
589	35.2286	16.7891	1
590	34.8252	26.772	1
591	33.188	15.7509	1
592	34.3545	18.5477	1
593	39.1251	17.8273	1
594	39.603	19.86	1
595	39.8761	18.6919	1
596	38.168	20.6678	1
597	2.80641	18.885	1
598	6.86213	23.6759	1
599	5.22052	22.3818	1
600	0.980307	18.4305	1
601	2.42904	25.8074	1
602	7.55984	22.8155	1
603	10.9445	20.1295	1
604	13.6917	24.4709	1
605	12.7587	22.4274	1
606	16.165	31.0432	1
607	9.80243	23.0657	1
608	17.51	18.978	1
609	19.0562	31.1726	1
610	18.9564	17.8065	1
611	19.3859	19.6522	1
612	20.2827	26.8091	1
613	19.5732	21.6254	1
614	21.8445	21.3612	1
615	25.3689	19.8265	1
616	27.5712	23.1195	1
617	29.4642	19.7572	1
618	29.4957	20.8392	1
619	33.4443	20.3279	1
620	29.6359	25.878	1
621	29.311	28.8211	1
622	33.6694	24.7383	1
623	37.0294	26.5446	1
624	33.7332	26.7612	1
625	38.1869	17.2891	1
626	37.1833	16.7563	1
627	36.3985	25.5555	1
628	0.398896	20.6089	1
629	39.3263	20.9275	1
630	5.27552	17.3602	1
631	38.5493	25.4013	1
632	0.32011	26.0338	1
633	3.17616	27.9757	1
634	2.02655	22.2755	1
635	7.04313	18.9422	1
636	7.26844	24.6939	1
637	11.2447	15.9492	1
638	8.46736	24.9028	1
639	10.9681	23.215	1
640	10.9224	29.4818	1
641	14.3352	20.5737	1
642	17.7214	28.5095	1
643	13.4752	21.4816	1
644	17.8804	17.9572	1
645	12.3645	21.2826	1
646	19.4517	25.9916	1
647	23.5771	22.2132	1
648	20.7208	21.4489	1
649	28.4702	24.9102	1
650	25.6616	24.2226	1
651	26.4941	21.4402	1
652	29.5023	24.772	1
653	28.5146	20.3004	1
654	31.0278	27.7584	1
655	31.9119	25.6774	1
656	32.8042	28.7369	1
657	28.8046	29.8448	1
658	38.4367	19.5535	1
659	0.913987	29.853	1
660	35.2465	17.9858	1
661	34.3777	27.7628	1
662	35.3433	25.723	1
663	38.2595	18.4364	1
664	35.3308	19.0778	1
665	35.3958	21.3323	1
666	1.20036	21.4073	1
667	5.85709	26.4367	1
668	2.25623	21.1391	1
669	7.98387	23.8362	1
670	7.41329	16.7563	1
671	5.07074	24.3095	1
672	11.6687	22.2704	1
673	11.4022	24.2715	1
674	9.57501	25.057	1
675	20.9952	23.408	1
676	18.2622	26.3433	1
677	10.6513	25.1955	1
678	20.2439	22.4786	1
679	18.3546	21.5601	1
680	18.8031	28.1972	1
681	22.9639	21.1799	1
682	25.5207	22.0165	1
683	24.5329	17.3356	1
684	27.5655	24.2916	1
685	23.2479	26.9494	1
686	25.6893	29.2759	1
687	24.8489	24.9425	1
688	27.4604	19.7653	1
689	24.4356	26.6873	1
690	29.8351	27.83	1
691	30.3707	26.8697	1
692	34.2107	25.7447	1
693	32.5796	26.6669	1
694	35.1986	30.6271	1
695	37.4925	25.5004	1
696	33.4622	31.6178	1
697	38.441	28.2935	1
698	36.3093	19.5214	1
699	35.9487	26.6258	1
700	5.47663	28.3263	1
701	38.0976	26.3917	1
702	6.15709	24.5039	1
703	3.17452	25.0723	1
704	4.57828	23.3363	1
705	5.75194	23.4264	1
706	12.5637	24.3605	1
707	9.07167	29.9688	1
708	14.2175	30.6156	1
709	16.6416	28.8237	1
710	16.937	27.7642	1
711	16.9712	31.8672	1
712	17.9829	27.4202	1
713	14.3265	23.5933	1
714	19.339	30.1022	1
715	19.0731	27.1093	1
716	23.5919	23.3353	1
717	20.5225	19.4842	1
718	23.497	17.1148	1
719	24.5462	22.6331	1
720	24.4437	20.4611	1
721	23.147	31.0175	1
722	26.5993	24.815	1
723	27.5445	28.0129	1
724	25.5556	23.0883	1
725	26.6371	23.6916	1
726	32.1848	27.7585	1
727	27.9751	26.9707	1
728	31.4856	26.6936	1
729	34.2162	23.7736	1
730	36.3184	30.5175	1
731	39.9732	27.0844	1
732	0.681922	19.4554	1
733	38.8298	27.2751	1
734	3.53918	26.1157	1
735	3.66425	28.96	1
736	1.33514	25.6619	1
737	6.21912	27.4566	1
738	2.83749	23.8903	1
739	6.56646	25.5497	1
740	3.89586	24.1897	1
741	12.0956	23.3666	1
742	10.3003	24.1296	1
743	8.81646	25.946	1
744	12.9942	25.4075	1
745	17.4958	29.6477	1
746	20.7087	28.6781	1
747	18.5158	33.3439	1
748	17.1996	30.7279	1
749	17.9778	31.4746	1
750	23.8383	24.4458	1
751	24.8787	28.5201	1
752	24.6794	23.7856	1
753	24.048	27.7732	1
754	21.3672	22.3345	1
755	22.1462	27.2347	1
756	24.032	31.7695	1
757	21.5113	29.3912	1
758	29.2483	26.9019	1
759	26.8951	28.9231	1
760	34.4992	29.6853	1
761	31.666	30.6445	1
762	31.0003	29.6967	1
763	39.5512	28.102	1
764	36.0795	28.5924	1
765	35.6314	29.6266	1
766	34.4153	19.6476	1
767	33.2602	27.7146	1
768	36.3662	20.6293	1
769	2.70344	26.9857	1
770	6.56007	28.4729	1
771	8.77783	28.8814	1
772	3.93932	27.1606	1
773	4.66335	26.2578	1
774	8.36815	27.7972	1
775	2.08996	24.7864	1
776	7.72361	25.7436	1
777	9.06675	24.0074	1
778	8.68039	22.9809	1
779	18.9471	20.7035	1
780	18.5498	29.3114	1
781	19.2895	38.3311	1
782	20.9397	31.6854	1
783	18.8115	32.2263	1
784	19.5869	29.0093	1
785	21.0814	27.6222	1
786	21.8572	28.3805	1
787	19.8771	27.9002	1
788	20.1788	30.8674	1
789	21.8715	32.4105	1
790	20.4394	29.7501	1
791	28.1951	28.9129	1
792	22.0353	31.3748	1
793	22.5882	33.2436	1
794	28.5381	23.706	1
795	32.1855	29.6676	1
796	25.3873	30.3473	1
797	36.4058	32.4604	1
798	34.0175	30.646	1
799	34.6656	31.6145	1
800	39.5349	33.874	1
801	39.2044	26.2319	1
802	1.1336	26.8759	1
803	0.20634	28.9615	1
804	1.96914	29.7687	1
805	4.98614	27.2582	1
806	9.5055	28.0298	1
807	1.29053	28.8445	1
808	4.36723	28.1613	1
809	2.05167	18.0794	1
810	7.2812	27.6521	1
811	5.4665	25.3687	1
812	12.4468	30.9455	1
813	11.7999	28.7847	1
814	11.833	25.2909	1
815	15.7264	32.1611	1
816	16.8098	35.857	1
817	16.3849	29.891	1
818	23.9286	25.6128	1
819	20.3589	33.8376	1
820	26.512	30.0168	1
821	27.5573	25.5301	1
822	23.3829	29.9432	1
823	19.8444	31.9471	1
824	20.0832	34.9061	1
825	21.5296	33.4999	1
826	26.0132	36.5629	1
827	24.4411	33.5724	1
828	28.624	27.8819	1
829	29.5098	32.7368	1
830	30.0364	31.7388	1
831	31.1888	31.6285	1
832	37.5305	30.3811	1
833	32.826	30.632	1
834	36.7591	29.5249	1
835	36.9707	31.4503	1
836	36.635	33.5277	1
837	36.5811	27.6435	1
838	39.0761	29.1494	1
839	4.75533	29.1493	1
840	39.795	29.9855	1
841	9.12753	27.0025	1
842	7.64384	28.6801	1
843	1.82854	27.7915	1
844	10.1711	30.2779	1
845	11.5695	31.6266	1
846	13.2062	30.1002	1
847	14.9613	35.4358	1
848	11.2722	30.5316	1
849	12.2877	33.9124	1
850	6.96756	26.5781	1
851	12.7222	32.0083	1
852	18.3128	30.3875	1
853	22.3038	30.1801	1
854	21.1642	38.7099	1
855	19.5779	33.0479	1
856	23.756	28.881	1
857	21.2466	30.5226	1
858	22.9775	28.0654	1
859	19.2654	34.1408	1
860	26.6792	33.5645	1
861	24.6006	29.6438	1
862	30.4496	28.7613	1
863	35.2369	32.5871	1
864	28.5659	26.0092	1
865	30.6676	34.5475	1
866	33.3847	29.7208	1
867	30.566	30.7187	1
868	35.806	31.5698	1
869	35.4971	27.6481	1
870	37.8992	29.2591	1
871	0.684407	27.9271	1
872	6.91317	29.5448	1
873	5.13402	30.1831	1
874	6.43172	31.4236	1
875	6.76831	32.4886	1
876	3.66934	31.0407	1
877	2.28381	1.67339	1
878	39.6081	36.2201	1
879	7.2704	30.6023	1
880	10.5018	31.3562	1
881	9.91067	26.1396	1
882	8.38573	30.8206	1
883	8.94673	33.0233	1
884	15.1938	34.2666	1
885	17.4447	33.5619	1
886	5.87039	38.2296	1
887	13.7743	31.6877	1
888	14.6245	32.4568	1
889	15.4785	33.2251	1
890	14.9666	31.3995	1
891	19.8164	36.0159	1
892	20.3482	37.9682	1
893	20.6898	32.7395	1
894	19.5731	37.256	1
895	20.9342	35.7184	1
896	25.1894	37.3789	1
897	29.9176	29.7921	1
898	32.4194	33.658	1
899	31.8078	32.6531	1
900	24.216	30.6947	1
901	37.6453	33.9551	1
902	34.1646	36.6853	1
903	37.7226	27.4549	1
904	38.5933	30.1373	1
905	37.4772	32.7923	1
906	32.0715	35.8224	1
907	0.464026	30.8633	1
908	5.80805	29.3496	1
909	38.5967	34.573	1
910	6.22547	30.3267	1
911	7.75353	34.9461	1
912	3.95672	38.3556	1
913	2.56693	30.9814	1
914	4.91036	38.8563	1
915	10.83	32.4401	1
916	8.03636	26.7655	1
917	9.88392	29.1398	1
918	9.7414	32.2472	1
919	10.3002	34.3844	1
920	13.5212	32.7672	1
921	13.1165	34.9751	1
922	13.3921	33.9241	1
923	16.2998	33.9687	1
924	12.8871	29.0413	1
925	15.3518	30.3114	1
926	16.6166	32.8954	1
927	21.1476	34.6535	1
928	19.0226	35.2123	1
929	21.3868	37.6194	1
930	23.6621	32.8474	1
931	24.5587	38.2472	1
932	22.6784	29.1195	1
933	33.025	32.7015	1
934	31.6052	28.7706	1
935	24.8214	32.5001	1
936	23.4127	33.9979	1
937	36.6003	34.5879	1
938	38.6043	35.6819	1
939	28.3847	34.6067	1
940	35.6602	34.052	1
941	34.6153	33.6049	1
942	35.7281	35.2361	1
943	4.09237	30.0065	1
944	7.97885	29.7117	1
945	2.43096	28.7647	1
946	0.533044	34.4783	1
947	7.56017	31.6522	1
948	11.8799	32.8127	1
949	6.14379	0.389185	1
950	9.4296	31.0839	1
951	7.81234	32.7648	1
952	10.0113	33.3178	1
953	9.1922	34.1215	1
954	14.3734	33.5018	1
955	7.30059	3.1828	1
956	17.136	34.7082	1
957	11.0575	33.5836	1
958	16.5578	36.9714	1
959	14.0043	38.555	1
960	16.0239	35.0355	1
961	18.7129	36.3258	1
962	22.8314	39.5177	1
963	18.176	34.4139	1
964	23.7408	38.9764	1
965	25.0211	34.5921	1
966	27.9238	0.670656	1
967	22.9074	32.1014	1
968	26.1699	34.5131	1
969	27.606	29.8461	1
970	32.3005	31.5797	1
971	27.7994	33.6356	1
972	28.9832	33.7156	1
973	31.8469	39.9631	1
974	33.166	36.2028	1
975	32.8702	35.0498	1
976	39.499	32.7336	1
977	38.542	33.3116	1
978	3.06021	30.018	1
979	12.0914	29.8646	1
980	32.2801	36.9615	1
981	1.96637	38.3562	1
982	39.8528	37.3418	1
983	3.80794	36.0713	1
984	39.8955	38.5286	1
985	15.4616	37.2466	1
986	7.3064	2.07945	1
987	5.00025	39.9595	1
988	5.21144	1.01827	1
989	14.2024	34.6791	1
990	14.414	37.5595	1
991	14.6545	36.4965	1
992	17.1487	38.8631	1
993	13.9173	35.7363	1
994	20.0696	1.24461	1
995	25.1177	1.65714	1
996	19.978	0.109715	1
997	17.6839	36.6154	1
998	25.5421	33.5741	1
999	25.0724	31.3916	1
1000	26.6508	35.5557	1
1001	27.0565	1.34061	1
1002	25.5365	35.5366	1
1003	30.6389	32.6101	1
1004	31.2397	33.6098	1
1005	25.6176	38.6438	1
1006	30.1895	36.2069	1
1007	34.1357	32.5752	1
1008	32.5075	38.1561	1
1009	22.4366	37.2713	1
1010	33.356	37.4022	1
1011	7.03777	33.5615	1
1012	34.7342	34.6681	1
1013	37.608	35.1358	1
1014	37.7118	36.3812	1
1015	33.6452	34.2166	1
1016	1.55378	30.8137	1
1017	39.584	35.0804	1
1018	3.9215	37.1984	1
1019	3.98964	39.4713	1
1020	4.32021	1.62123	1
1021	8.10156	33.8385	1
1022	15.7748	36.2007	1
1023	20.9938	0.560096	1
