0	34.6099	35.5496	1
1	39.0476	39.106	1
2	2.06892	39.5494	1
3	6.01143	35.4722	1
4	6.78918	38.4255	1
5	1.07185	39.9661	1
6	7.75975	37.9588	1
7	12.3202	5.55777	1
8	17.5784	39.8885	1
9	4.06374	1.89616	1
10	18.3887	39.1229	1
11	18.7693	0.236003	1
12	13.5542	38.7729	1
13	17.0936	35.9977	1
14	13.164	3.52895	1
15	13.7336	0.231708	1
16	14.4448	39.4148	1
17	21.729	39.6982	1
18	22.3944	33.577	1
19	26.93	37.5099	1
20	25.8648	0.0206261	1
21	27.2167	0.351107	1
22	28.934	30.717	1
23	26.6074	3.19922	1
24	27.7284	38.3638	1
25	30.3676	33.9584	1
26	27.5789	34.5557	1
27	31.9194	38.126	1
28	30.9539	37.4631	1
29	28.0835	35.5705	1
30	34.71	39.44	1
31	31.6056	35.7386	1
32	36.0773	36.8962	1
33	2.92964	38.013	1
34	39.1991	6.03276	1
35	6.86114	0.750814	1
36	4.08022	36.4786	1
37	8.25258	32.0403	1
38	8.24363	6.90152	1
39	6.4772	3.73809	1
40	5.64994	5.64194	1
41	5.16162	2.32028	1
42	14.7351	38.2397	1
43	9.02486	1.66983	1
44	8.58256	4.53023	1
45	16.0283	38.0209	1
46	16.6394	39.1858	1
47	9.98917	1.08047	1
48	17.4783	3.71844	1
49	14.5303	5.23526	1
50	16.3234	2.17261	1
51	24.7116	39.6063	1
52	21.7617	36.7866	1
53	21.0239	37.6426	1
54	26.5085	2.13309	1
55	29.0735	36.9793	1
56	22.6021	38.9756	1
57	23.5392	2.3684	1
58	24.8051	2.7822	1
59	24.5208	3.91009	1
60	27.3395	36.4838	1
61	29.8791	37.7194	1
62	29.3795	1.31164	1
63	0.161487	0.633315	1
64	35.2645	37.7254	1
65	32.3568	34.9373	1
66	39.9139	38.4166	1
67	36.5564	38.1656	1
68	0.778665	32.5444	1
69	39.7099	37.339	1
70	33.5816	39.3732	1
71	0.568567	1.98438	1
72	2.29379	4.84146	1
73	4.54438	35.0673	1
74	4.30784	3.01814	1
75	6.00103	1.48055	1
76	0.521536	3.768	1
77	7.78842	0.129909	1
78	11.6914	39.2873	1
79	7.30889	3.05331	1
80	11.7466	8.9229	1
81	20.5934	39.6041	1
82	15.2766	1.50726	1
83	14.0758	1.24018	1
84	14.312	3.28352	1
85	15.2931	3.82036	1
86	17.3762	6.85512	1
87	23.3731	38.115	1
88	23.1277	1.26404	1
89	22.4188	5.16879	1
90	17.4518	4.84628	1
91	27.5662	2.50875	1
92	30.3391	0.734741	1
93	22.4125	3.99007	1
94	26.2732	0.97716	1
95	30.6859	38.5715	1
96	30.7101	4.35069	1
97	29.6778	38.944	1
98	28.0422	37.3777	1
99	2.14458	36.1862	1
100	37.0249	39.219	1
101	28.7758	5.38564	1
102	37.2879	0.956092	1
103	39.4735	36.2419	1
104	38.8948	2.49753	1
105	6.03418	36.5652	1
106	31.8809	36.9143	1
107	2.01115	0.642278	1
108	3.13143	35.8132	1
109	3.21831	2.54381	1
110	0.917556	8.90803	1
111	7.55448	4.20998	1
112	4.5243	4.1217	1
113	8.82649	0.557507	1
114	13.471	5.36604	1
115	14.1393	6.3101	1
116	14.9854	0.419441	1
117	16.3368	3.25908	1
118	17.4363	2.6014	1
119	21.4279	3.42094	1
120	18.4048	3.15231	1
121	21.3097	2.33172	1
122	18.3685	4.27791	1
123	19.3089	2.44936	1
124	15.2999	2.7016	1
125	25.0519	0.681262	1
126	20.4692	4.03921	1
127	23.4605	3.45101	1
128	26.7198	4.37491	1
129	31.5868	39.2265	1
130	28.5905	8.62371	1
131	34.9063	3.56467	1
132	31.4516	0.295514	1
133	28.8179	38.1242	1
134	35.6441	35.8567	1
135	36.7657	3.36808	1
136	33.9581	4.16595	1
137	0.0554267	39.5487	1
138	39.312	1.47659	1
139	38.7925	7.08113	1
140	1.77143	1.9535	1
141	1.04366	38.8969	1
142	4.57378	5.21003	1
143	3.98929	37.5808	1
144	2.34709	3.26115	1
145	3.34608	3.6932	1
146	9.62696	4.92453	1
147	10.8156	35.469	1
148	5.57495	4.54549	1
149	12.7694	39.5489	1
150	8.39652	3.41688	1
151	12.7478	4.48336	1
152	15.3974	6.09364	1
153	16.4634	4.38851	1
154	16.3105	9.03273	1
155	15.5576	4.88677	1
156	24.337	1.49234	1
157	19.1328	1.32963	1
158	23.9694	0.39341	1
159	28.5245	3.17257	1
160	29.4277	2.42754	1
161	30.5329	39.6498	1
162	29.4132	0.113586	1
163	29.0309	11.6912	1
164	32.6252	38.8726	1
165	28.6442	6.49231	1
166	28.4293	1.81942	1
167	30.8172	5.44966	1
168	31.3616	6.41141	1
169	31.4337	3.49758	1
170	30.5057	7.07218	1
171	34.3943	38.3929	1
172	37.6341	4.10605	1
173	38.8738	38.0734	1
174	0.772776	4.81864	1
175	39.1761	10.2408	1
176	1.10435	1.08352	1
177	7.069	1.92009	1
178	3.82077	0.831488	1
179	5.36923	3.38534	1
180	13.8758	4.33507	1
181	10.7033	9.35504	1
182	8.31454	9.28834	1
183	39.9382	2.80063	1
184	7.84214	5.28117	1
185	13.5997	2.23826	1
186	9.43292	3.78229	1
187	12.7465	9.59869	1
188	16.5811	5.48672	1
189	25.1954	12.3735	1
190	12.762	8.43901	1
191	19.1849	9.65624	1
192	22.5144	7.35004	1
193	18.471	6.66051	1
194	19.5588	3.51886	1
195	27.7581	5.86083	1
196	27.5683	3.61439	1
197	28.853	4.23151	1
198	30.1792	10.3389	1
199	32.729	10.4401	1
200	30.3649	3.16303	1
201	28.2398	9.73485	1
202	37.9243	38.5182	1
203	35.9501	2.66747	1
204	35.0402	4.65683	1
205	31.6129	7.52109	1
206	32.4028	6.73732	1
207	38.1072	1.7633	1
208	39.3068	8.08588	1
209	39.1694	0.204727	1
210	34.4614	7.60697	1
211	38.1539	8.09557	1
212	1.53899	5.84183	1
213	0.353267	10.2328	1
214	3.49651	4.78853	1
215	4.70907	6.37169	1
216	11.4735	6.7084	1
217	9.63528	10.7504	1
218	8.77572	5.91457	1
219	9.23799	2.71453	1
220	7.5099	10.0731	1
221	6.23234	2.62071	1
222	10.2673	8.35829	1
223	9.61847	9.69163	1
224	14.5066	7.36114	1
225	20.0195	13.7487	1
226	19.4603	4.67699	1
227	19.5856	6.84005	1
228	20.7277	14.7605	1
229	19.2508	5.75609	1
230	27.5774	7.15634	1
231	22.5186	6.20911	1
232	30.4116	1.9193	1
233	29.439	9.49864	1
234	27.4361	8.25427	1
235	31.2712	14.2092	1
236	32.0862	5.61734	1
237	31.859	8.71128	1
238	29.4605	7.33281	1
239	29.7226	8.45453	1
240	34.0574	5.24633	1
241	37.0606	2.18364	1
242	33.2162	5.98954	1
243	37.9032	2.97947	1
244	0.413115	5.89215	1
245	1.53422	3.99608	1
246	39.8113	9.06505	1
247	1.19318	2.90546	1
248	7.24013	9.01196	1
249	2.58878	7.89308	1
250	9.19165	7.52506	1
251	8.16729	8.17495	1
252	9.23202	13.7238	1
253	5.71799	10.6661	1
254	13.3949	7.46158	1
255	9.21392	8.695	1
256	12.2851	7.36849	1
257	17.3577	8.86938	1
258	12.9782	6.41612	1
259	18.2919	11.8727	1
260	26.5795	7.60971	1
261	23.66	14.1124	1
262	18.6252	8.72506	1
263	20.5058	5.12688	1
264	23.4222	5.61013	1
265	20.3869	2.8103	1
266	24.3798	5.09989	1
267	23.5225	6.78919	1
268	26.3172	12.4185	1
269	30.5971	9.22872	1
270	31.4916	15.3199	1
271	28.0686	12.2454	1
272	38.0491	39.7545	1
273	35.862	11.6279	1
274	29.7751	4.93958	1
275	32.6321	7.94494	1
276	36.9188	12.0117	1
277	36.2901	13.8182	1
278	38.1017	10.1303	1
279	31.8454	4.50872	1
280	1.22038	15.1979	1
281	3.72672	5.96967	1
282	2.08034	6.93077	1
283	39.8635	6.91543	1
284	2.65186	11.953	1
285	6.4017	9.75749	1
286	1.48513	7.86428	1
287	12.3699	11.8172	1
288	10.3491	7.13708	1
289	7.80583	11.1557	1
290	8.0488	12.275	1
291	4.65808	10.5129	1
292	17.8588	7.89743	1
293	13.5134	11.3335	1
294	20.9239	10.3657	1
295	19.8135	10.5288	1
296	20.3927	15.7701	1
297	19.1522	12.7974	1
298	20.4831	6.24496	1
299	22.341	2.88744	1
300	21.464	4.57761	1
301	21.4556	5.72817	1
302	23.3232	4.53657	1
303	27.1422	10.4195	1
304	30.7094	8.12612	1
305	32.9274	11.73	1
306	31.027	13.0696	1
307	32.3613	14.5198	1
308	37.6213	9.03692	1
309	37.4003	14.1291	1
310	35.1699	5.71988	1
311	32.9816	4.90302	1
312	39.7475	11.1633	1
313	36.9806	8.02622	1
314	37.6676	7.13187	1
315	2.34887	15.0497	1
316	38.566	11.1881	1
317	6.005	8.66523	1
318	1.42569	9.9661	1
319	2.63492	5.89508	1
320	2.5428	10.0429	1
321	2.9536	0.123519	1
322	11.3776	12.3197	1
323	12.2719	14.115	1
324	13.9722	8.43123	1
325	13.6579	15.6373	1
326	8.6177	10.3521	1
327	13.6199	10.2579	1
328	18.0622	13.0383	1
329	18.8996	7.70617	1
330	18.7023	10.7714	1
331	26.6865	13.483	1
332	22.8227	15.4589	1
333	20.3606	9.38163	1
334	20.5407	7.47639	1
335	26.3028	8.69855	1
336	21.5206	6.80749	1
337	27.8013	4.78352	1
338	30.0581	12.394	1
339	29.8283	6.0885	1
340	33.0534	12.7654	1
341	33.2082	18.4476	1
342	32.197	13.4829	1
343	37.4959	11.0787	1
344	33.9505	12.064	1
345	34.9816	12.4459	1
346	3.12079	15.8548	1
347	33.7618	10.9723	1
348	3.23373	12.853	1
349	0.957455	6.92138	1
350	35.2661	6.90466	1
351	0.393367	12.0806	1
352	0.411388	7.91326	1
353	4.25364	9.01054	1
354	3.19291	6.97824	1
355	2.01451	8.84848	1
356	5.02107	12.6817	1
357	4.79995	11.5732	1
358	8.90572	11.5288	1
359	10.3767	11.6099	1
360	8.75273	17.4189	1
361	10.6361	10.4935	1
362	11.648	10.0259	1
363	15.7028	19.8071	1
364	16.7381	7.87025	1
365	19.7705	8.31376	1
366	25.8674	14.421	1
367	21.5862	7.93378	1
368	24.775	14.3867	1
369	25.6542	3.75129	1
370	26.1115	11.1842	1
371	28.0267	11.0785	1
372	25.4929	7.97138	1
373	28.0661	13.3914	1
374	32.9041	9.27262	1
375	29.0478	12.782	1
376	29.0185	10.5313	1
377	31.1858	16.4223	1
378	31.978	12.3781	1
379	35.3144	14.6465	1
380	34.8454	11.2598	1
381	34.1483	13.1536	1
382	3.74053	11.8999	1
383	36.055	12.76	1
384	39.8629	16.4757	1
385	36.3969	14.9374	1
386	1.07111	13.0688	1
387	3.2499	10.9364	1
388	5.28663	9.60426	1
389	7.03518	11.9864	1
390	2.3241	18.1721	1
391	7.09304	7.87078	1
392	13.3465	12.4636	1
393	6.77442	10.8454	1
394	9.20567	12.6276	1
395	10.3151	12.8792	1
396	18.0727	9.74045	1
397	13.2049	13.5963	1
398	11.2736	7.83093	1
399	17.5753	10.8233	1
400	20.6072	11.4328	1
401	24.3944	13.294	1
402	18.8199	17.1977	1
403	27.1891	9.36559	1
404	24.1567	12.1822	1
405	24.8094	8.86361	1
406	25.5461	13.4306	1
407	26.186	9.88586	1
408	29.8239	17.7318	1
409	27.9454	17.2037	1
410	21.7698	11.2612	1
411	30.9243	17.5142	1
412	32.1976	19.0389	1
413	33.3653	15.0485	1
414	34.6278	16.6115	1
415	35.2059	13.506	1
416	34.3072	14.241	1
417	36.9478	17.1706	1
418	1.587	12.0802	1
419	33.3855	7.12693	1
420	1.18085	18.2731	1
421	38.6999	9.15962	1
422	0.875373	21.2341	1
423	1.52013	14.1428	1
424	3.43933	14.7748	1
425	3.67984	9.93583	1
426	4.86524	16.4694	1
427	3.16591	8.92946	1
428	11.3094	13.4467	1
429	3.81911	16.7528	1
430	14.7944	18.8185	1
431	12.5777	15.1723	1
432	14.4597	19.9356	1
433	16.9326	9.93741	1
434	16.5724	17.3097	1
435	19.6693	14.7898	1
436	19.493	11.6777	1
437	27.5529	15.2737	1
438	26.4853	15.3791	1
439	17.5355	15.3084	1
440	27.1123	11.6415	1
441	17.7125	17.4355	1
442	26.7325	17.4072	1
443	25.312	15.3571	1
444	30.4115	15.5951	1
445	28.2704	16.1452	1
446	28.4015	19.143	1
447	33.1726	19.5974	1
448	29.4966	18.8208	1
449	29.9737	13.5192	1
450	38.4512	14.49	1
451	2.07234	11.0227	1
452	2.12987	13.1385	1
453	34.2471	6.43631	1
454	5.70899	17.259	1
455	2.72999	16.971	1
456	39.9741	18.2639	1
457	10.5516	18.7173	1
458	6.52862	17.9597	1
459	5.26807	13.8671	1
460	12.308	12.9213	1
461	6.06446	13.0565	1
462	10.5682	17.5668	1
463	7.15447	13.0403	1
464	4.11554	15.595	1
465	11.663	17.0057	1
466	18.0933	16.2362	1
467	12.5844	10.7128	1
468	5.29668	15.4442	1
469	13.5848	16.8811	1
470	18.6248	15.076	1
471	23.9615	15.2303	1
472	16.6124	14.5915	1
473	21.0592	16.7344	1
474	21.8305	17.5882	1
475	28.6272	15.0204	1
476	30.1345	16.6969	1
477	21.1195	20.8923	1
478	27.1297	16.3323	1
479	29.3503	15.8926	1
480	32.087	17.9013	1
481	33.2679	13.8541	1
482	32.1909	16.7795	1
483	29.0244	16.9145	1
484	37.5412	15.2357	1
485	34.512	15.4564	1
486	35.5702	15.8296	1
487	37.1031	13.0807	1
488	36.9971	20.7072	1
489	0.975758	16.2792	1
490	5.8696	11.7847	1
491	8.48805	18.4901	1
492	4.21921	18.6129	1
493	7.7056	20.6301	1
494	10.726	16.3488	1
495	3.08192	18.9833	1
496	10.384	15.2429	1
497	11.5019	11.154	1
498	10.3716	14.0056	1
499	15.9636	18.7369	1
500	7.32458	18.7379	1
501	17.4178	20.4504	1
502	13.7103	21.633	1
503	15.598	14.9025	1
504	20.2614	18.942	1
505	14.2246	13.2963	1
506	21.5297	15.6032	1
507	22.2882	16.4895	1
508	21.1979	19.7205	1
509	24.5407	16.2989	1
510	23.4908	16.3329	1
511	21.3827	18.6027	1
512	27.6559	18.3124	1
513	20.6174	17.7369	1
514	27.0074	21.7693	1
515	32.5114	15.6903	1
516	36.6757	16.0289	1
517	32.1705	20.1821	1
518	34.1172	17.6753	1
519	34.087	21.18	1
520	38.2176	13.373	1
521	39.3115	17.4765	1
522	33.0449	17.3986	1
523	2.04378	16.0658	1
524	38.7815	16.4776	1
525	4.5429	17.5283	1
526	1.4457	20.2723	1
527	4.71229	24.4919	1
528	5.02974	19.3233	1
529	3.38197	17.8042	1
530	10.4339	20.2132	1
531	9.32173	19.1295	1
532	11.2698	14.6219	1
533	12.5682	16.3054	1
534	10.4053	22.63	1
535	12.5723	17.5833	1
536	15.7774	21.7376	1
537	15.4337	17.6692	1
538	15.1567	20.8338	1
539	16.4773	15.7518	1
540	19.1345	19.2746	1
541	17.7845	14.2677	1
542	18.8409	13.9471	1
543	22.1166	20.3992	1
544	25.9897	16.3627	1
545	22.4732	18.5036	1
546	28.7516	18.0298	1
547	25.2036	17.1864	1
548	25.3107	20.4134	1
549	31.7879	24.4082	1
550	33.8493	27.8611	1
551	28.0246	21.3522	1
552	32.6469	25.051	1
553	32.2967	21.5216	1
554	31.1969	19.6248	1
555	38.0126	12.2609	1
556	39.0861	12.3054	1
557	36.2489	19.0476	1
558	1.61419	17.1989	1
559	36.2269	17.9589	1
560	37.2124	19.6128	1
561	0.556655	17.3731	1
562	2.04725	21.2858	1
563	5.96129	20.0765	1
564	8.17326	13.4096	1
565	6.2104	19.0217	1
566	11.6111	18.1657	1
567	8.13932	19.5795	1
568	14.4624	24.044	1
569	12.4285	21.5034	1
570	15.2225	23.1327	1
571	14.8159	25.2107	1
572	11.3596	20.8899	1
573	19.1944	20.9613	1
574	16.9681	21.4539	1
575	9.65401	18.106	1
576	13.7682	14.5623	1
577	17.937	19.2607	1
578	24.2475	20.8681	1
579	19.5415	18.1461	1
580	22.1038	22.5246	1
581	27.7639	22.6231	1
582	27.1841	20.6613	1
583	26.3555	19.9898	1
584	26.0148	22.2111	1
585	28.8485	22.1007	1
586	34.9688	27.6696	1
587	33.7252	23.3407	1
588	35.1099	20.6305	1
589	35.7971	16.8828	1
590	34.604	25.7891	1
591	33.4732	16.2767	1
592	34.1594	19.0111	1
593	38.7591	18.4163	1
594	39.2141	20.4075	1
595	39.5947	19.3823	1
596	38.1088	20.4554	1
597	2.58998	20.1153	1
598	7.95372	23.4648	1
599	6.92286	21.7736	1
600	0.680369	19.2644	1
601	2.50949	24.4426	1
602	9.31029	22.8875	1
603	11.3609	19.5523	1
604	14.9725	26.3144	1
605	13.2867	23.7743	1
606	15.8313	31.0549	1
607	11.1012	23.5871	1
608	16.7707	19.4827	1
609	18.8377	30.8918	1
610	18.3779	18.253	1
611	18.4804	20.2025	1
612	20.7223	26.166	1
613	19.1253	22.0829	1
614	21.1214	21.9982	1
615	25.4918	19.3308	1
616	26.752	23.1385	1
617	29.2972	19.8813	1
618	29.0965	20.9614	1
619	33.1229	20.6385	1
620	29.8719	25.5689	1
621	29.3513	28.4807	1
622	32.7582	23.8577	1
623	37.0707	25.5735	1
624	33.4943	25.9118	1
625	38.201	17.4309	1
626	37.7148	16.3659	1
627	36.4011	24.6476	1
628	39.7809	21.3496	1
629	38.6627	21.3962	1
630	5.3705	18.2859	1
631	38.6778	24.3721	1
632	0.383912	25.02	1
633	2.97241	26.3921	1
634	2.71006	22.2838	1
635	6.96293	19.8058	1
636	7.98184	24.7126	1
637	11.5721	15.6684	1
638	9.27067	25.117	1
639	12.1438	23.1903	1
640	10.5338	28.9536	1
641	14.7027	22.0626	1
642	17.6924	27.0115	1
643	14.0604	22.9464	1
644	17.1402	18.3805	1
645	13.0579	22.4835	1
646	19.6675	25.4977	1
647	23.1715	21.2771	1
648	20.12	21.4881	1
649	27.5757	24.9437	1
650	25.3526	23.7015	1
651	26.1269	21.1393	1
652	28.67	24.5234	1
653	28.2252	20.2616	1
654	30.9071	27.5768	1
655	31.5415	25.5592	1
656	32.8361	28.375	1
657	28.9939	29.5548	1
658	38.4837	19.4551	1
659	1.09944	28.8169	1
660	35.0238	18.2836	1
661	34.2561	26.7915	1
662	35.1995	24.8309	1
663	37.3003	18.4057	1
664	35.2215	19.4691	1
665	34.9608	21.7216	1
666	0.471497	22.2236	1
667	6.03198	25.9704	1
668	1.63176	22.4836	1
669	8.89778	24.0764	1
670	7.66211	17.7038	1
671	5.99476	23.7629	1
672	11.5134	22.2414	1
673	12.8029	25.6498	1
674	10.2315	25.7835	1
675	20.5522	24.4723	1
676	18.6034	25.2257	1
677	12.4808	26.7727	1
678	20.0781	22.5881	1
679	17.6732	22.3176	1
680	18.8326	27.4598	1
681	22.0936	21.4481	1
682	25.1218	21.5387	1
683	24.1053	17.3091	1
684	26.5266	25.3218	1
685	22.8635	26.1833	1
686	25.5834	28.5228	1
687	24.452	24.4968	1
688	27.3662	19.5497	1
689	24.7841	25.5893	1
690	29.8644	27.5136	1
691	30.3952	26.5673	1
692	33.6636	24.5241	1
693	32.4646	26.2263	1
694	34.7638	29.5302	1
695	37.5502	24.5619	1
696	33.8226	31.1604	1
697	38.5184	27.2831	1
698	36.1296	20.1023	1
699	35.8963	25.6948	1
700	5.44671	27.7123	1
701	38.19	25.4883	1
702	7.04129	24.1567	1
703	3.65681	24.1599	1
704	5.99116	22.5632	1
705	6.95237	23.0481	1
706	13.9221	25.98	1
707	8.75505	30.2337	1
708	13.773	30.4207	1
709	16.7272	27.6194	1
710	16.6689	26.5354	1
711	16.7049	31.8815	1
712	17.6111	25.9023	1
713	15.8521	25.6491	1
714	18.8749	29.7364	1
715	18.6955	26.2856	1
716	23.1756	23.0204	1
717	20.0793	20.1608	1
718	22.964	17.3845	1
719	23.9409	22.0656	1
720	24.4391	19.7175	1
721	23.0382	30.1974	1
722	25.532	24.8028	1
723	27.5489	27.5622	1
724	24.9279	22.6281	1
725	26.4634	24.2116	1
726	32.0476	27.638	1
727	28.1738	26.6177	1
728	31.5103	26.6628	1
729	32.8113	22.7319	1
730	36.079	29.5493	1
731	0.017285	26.122	1
732	0.321916	20.3361	1
733	38.9232	26.3021	1
734	3.30945	25.2328	1
735	3.37765	28.2842	1
736	1.47386	24.7462	1
737	6.33399	27.0494	1
738	2.75845	23.3725	1
739	6.91822	25.2911	1
740	5.00265	23.359	1
741	13.6465	24.8549	1
742	11.3321	26.2004	1
743	9.25026	26.2175	1
744	14.1809	27.1239	1
745	16.2858	28.8244	1
746	19.8816	27.9524	1
747	18.5908	33.0897	1
748	16.9055	30.7667	1
749	17.7869	31.4236	1
750	23.3315	24.18	1
751	24.842	27.753	1
752	24.2394	23.4485	1
753	23.8944	26.7177	1
754	21.1194	23.0785	1
755	21.7837	26.6876	1
756	23.8787	31.0774	1
757	20.7843	28.5146	1
758	29.2667	26.5579	1
759	27.0935	28.6806	1
760	33.7883	28.9788	1
761	31.885	31.3148	1
762	30.7795	29.6737	1
763	39.6244	27.1373	1
764	36.0609	27.5899	1
765	35.4829	28.6178	1
766	34.1643	20.1011	1
767	33.1119	27.1059	1
768	35.9797	21.1952	1
769	2.21297	25.5857	1
770	6.53202	28.1991	1
771	8.55833	29.103	1
772	4.08498	26.1415	1
773	4.9686	25.5361	1
774	8.4481	27.9659	1
775	1.68961	23.6017	1
776	8.20575	25.7151	1
777	10.5075	24.6916	1
778	10.0246	23.692	1
779	18.1267	21.2946	1
780	17.8392	28.0768	1
781	19.4513	39.4347	1
782	20.8039	30.8968	1
783	18.8012	31.981	1
784	18.8702	28.5988	1
785	20.777	27.2401	1
786	21.6705	27.8549	1
787	19.754	26.6846	1
788	19.8886	30.2997	1
789	21.6988	31.8111	1
790	19.8583	29.1866	1
791	28.1823	28.5231	1
792	21.7569	30.3695	1
793	22.5642	32.5429	1
794	27.6806	23.7506	1
795	31.8041	30.1075	1
796	25.3174	29.6841	1
797	36.6389	32.1946	1
798	33.795	30.0756	1
799	34.9243	30.6305	1
800	39.9916	33.2951	1
801	39.3078	25.3069	1
802	1.14424	25.8417	1
803	0.400383	27.9674	1
804	2.26042	28.5019	1
805	5.0661	26.6347	1
806	9.57144	28.4269	1
807	1.4887	27.7466	1
808	3.78766	27.2262	1
809	1.83107	19.2302	1
810	7.39231	27.4723	1
811	5.82727	24.8633	1
812	12.7074	30.9755	1
813	11.5888	29.1638	1
814	13.137	27.62	1
815	15.3164	32.0315	1
816	15.9527	36.1135	1
817	16.1777	29.9473	1
818	23.6757	25.3234	1
819	20.5665	33.4704	1
820	26.4353	29.5422	1
821	27.0011	26.3411	1
822	23.4999	29.1668	1
823	19.8223	31.4453	1
824	20.3078	34.5776	1
825	21.5288	32.9342	1
826	26.2967	36.569	1
827	24.635	33.0596	1
828	28.7201	27.5603	1
829	30.0402	32.7933	1
830	29.9997	31.5186	1
831	31.0033	32.0864	1
832	37.3535	29.3625	1
833	32.7863	30.6976	1
834	36.6188	28.5348	1
835	37.5492	31.4645	1
836	36.9806	33.3472	1
837	36.5195	26.5702	1
838	39.1884	28.1687	1
839	4.46413	28.1908	1
840	0.0123206	28.9956	1
841	9.30232	27.3173	1
842	7.57395	28.6158	1
843	1.8767	26.6718	1
844	10.7179	30.0489	1
845	11.6566	32.5961	1
846	12.8463	29.7622	1
847	14.08	35.0925	1
848	11.6242	31.4321	1
849	11.6641	34.8702	1
850	7.18244	26.3811	1
851	12.6306	32.1123	1
852	17.9321	30.2793	1
853	21.7467	29.0837	1
854	21.2923	38.6806	1
855	19.6815	32.764	1
856	23.7276	28.0546	1
857	20.7944	29.6761	1
858	22.8031	27.3328	1
859	19.479	33.8249	1
860	27.0789	33.5833	1
861	24.5358	28.8778	1
862	30.512	28.5298	1
863	35.6594	32.5961	1
864	28.7112	25.6268	1
865	31.3005	34.5889	1
866	32.784	29.5231	1
867	30.8871	30.8792	1
868	35.9804	31.303	1
869	35.3935	26.644	1
870	37.8482	28.2294	1
871	0.788128	26.9092	1
872	6.62116	29.2625	1
873	4.82715	29.9593	1
874	6.11303	31.2121	1
875	6.32923	32.3833	1
876	3.73634	30.2673	1
877	2.83794	1.45593	1
878	0.371966	35.5166	1
879	6.96146	30.4748	1
880	10.6841	32.0597	1
881	10.462	26.9079	1
882	7.9583	31.0035	1
883	8.53833	33.0692	1
884	14.7383	34.0681	1
885	16.7657	33.336	1
886	6.85841	37.3283	1
887	13.6202	31.5613	1
888	13.6161	32.6498	1
889	14.6703	32.9249	1
890	14.7051	31.1224	1
891	19.6404	36.0199	1
892	20.1839	38.5259	1
893	20.6323	32.1995	1
894	19.9622	37.279	1
895	20.7278	36.4746	1
896	25.8659	37.7429	1
897	29.9667	30.3923	1
898	33.1879	34.145	1
899	32.0455	32.6129	1
900	24.2164	30.0056	1
901	37.9952	33.6363	1
902	34.9929	36.6642	1
903	37.7267	26.4707	1
904	38.5495	29.134	1
905	37.6848	32.5712	1
906	32.7042	36.0153	1
907	0.725631	29.8821	1
908	5.43463	28.8969	1
909	39.1105	33.9683	1
910	5.88445	30.1207	1
911	6.55939	34.3893	1
912	5.03207	37.1077	1
913	2.67625	30.4764	1
914	5.87543	37.7329	1
915	10.5827	33.168	1
916	8.28481	26.8312	1
917	9.59332	29.5667	1
918	9.40577	32.4019	1
919	9.6479	34.8671	1
920	12.6415	33.1886	1
921	11.9257	35.9398	1
922	12.6098	34.305	1
923	15.9362	34.0841	1
924	12.3735	28.4041	1
925	15.0452	30.1044	1
926	15.7335	33.0621	1
927	21.4926	34.1878	1
928	19.2052	34.9898	1
929	22.1496	37.9356	1
930	23.5919	32.1395	1
931	24.4286	38.3887	1
932	22.6636	28.4766	1
933	33.0418	33.0725	1
934	31.7377	29.022	1
935	24.7415	31.8084	1
936	23.4948	33.3621	1
937	37.1819	34.4348	1
938	39.2775	35.1102	1
939	28.7201	34.6093	1
940	36.0887	34.0262	1
941	35.0574	33.5906	1
942	36.3459	35.0663	1
943	4.06811	29.1826	1
944	7.76378	29.7844	1
945	2.67482	27.4137	1
946	0.99147	33.7108	1
947	7.1579	31.6684	1
948	11.5877	33.7081	1
949	6.7181	39.6844	1
950	9.08776	31.3057	1
951	7.33654	32.769	1
952	9.61415	33.6187	1
953	8.66334	34.2707	1
954	13.5727	33.7896	1
955	8.15837	2.34066	1
956	16.4301	35.0685	1
957	10.6181	34.2852	1
958	15.4061	37.0964	1
959	12.4763	38.4471	1
960	15.3868	35.1471	1
961	18.0959	35.5111	1
962	22.9147	0.104602	1
963	18.4154	34.3148	1
964	23.7112	39.2417	1
965	24.4	34.1193	1
966	28.4135	0.681203	1
967	22.7258	31.3816	1
968	26.4294	34.511	1
969	27.8	29.5773	1
970	32.9372	31.86	1
971	28.2378	33.5892	1
972	29.3495	33.6505	1
973	32.5291	0.156135	1
974	33.7988	36.2805	1
975	33.5124	35.2568	1
976	39.6992	32.1515	1
977	38.8159	32.8718	1
978	3.00014	29.4375	1
979	11.8308	30.2707	1
980	32.9885	37.0505	1
981	3.10093	36.9292	1
982	0.519299	36.5788	1
983	5.43408	34.515	1
984	0.766791	37.7051	1
985	14.3307	37.1603	1
986	7.94066	1.23429	1
987	5.68373	38.9843	1
988	5.81039	0.38719	1
989	12.8673	35.4039	1
990	13.3625	37.6776	1
991	13.6531	36.2251	1
992	15.5067	39.0225	1
993	12.6903	36.7885	1
994	20.2049	1.70382	1
995	25.4231	1.76689	1
996	19.8777	0.516628	1
997	16.5902	37.0339	1
998	25.4644	33.8266	1
999	25.0064	30.7887	1
1000	26.9191	35.477	1
1001	27.385	1.41267	1
1002	25.8307	35.5546	1
1003	31.1298	33.1782	1
1004	32.09	33.7405	1
1005	25.5132	38.8104	1
1006	30.1492	36.6946	1
1007	34.9823	31.734	1
1008	33.3335	38.0747	1
1009	22.8939	37.1334	1
1010	34.1011	37.3094	1
1011	5.74977	33.3636	1
1012	35.246	34.6675	1
1013	38.2807	34.7203	1
1014	38.371	35.8792	1
1015	34.2003	34.4712	1
1016	1.85788	29.6158	1
1017	0.161957	34.4201	1
1018	5.06259	36.0541	1
1019	4.91408	38.21	1
1020	4.93734	1.22267	1
1021	7.6119	33.8052	1
1022	14.8171	36.1187	1
1023	21.0092	0.731004	1
