0	33.8843	35.5186	1
1	38.5078	39.6952	1
2	1.42869	39.9314	1
3	5.20837	36.4674	1
4	6.24239	39.1484	1
5	0.467688	0.634535	1
6	7.16047	38.5273	1
7	12.5457	5.65607	1
8	17.7757	39.8644	1
9	3.57229	2.05927	1
10	18.6627	37.6649	1
11	18.9072	39.6437	1
12	15.1518	38.3219	1
13	18.0055	35.6101	1
14	13.351	3.86567	1
15	15.5274	0.299458	1
16	15.8928	39.1802	1
17	21.5533	39.4041	1
18	22.2982	34.1835	1
19	26.2709	37.5331	1
20	25.694	39.6349	1
21	26.6985	0.165186	1
22	29.5799	31.0795	1
23	26.1648	3.15942	1
24	27.3166	37.5861	1
25	30.0008	33.6776	1
26	27.1725	34.5506	1
27	31.3715	37.8407	1
28	30.3124	37.4191	1
29	27.676	35.5863	1
30	33.6085	39.7219	1
31	31.0252	35.616	1
32	35.0985	37.2191	1
33	2.33676	39.3396	1
34	39.0202	6.34573	1
35	6.47084	1.42132	1
36	3.27096	37.5857	1
37	8.76414	31.8826	1
38	8.70069	7.0417	1
39	5.68926	4.26452	1
40	4.71429	5.93586	1
41	4.6306	2.60082	1
42	16.3169	38.0905	1
43	8.45694	2.46488	1
44	7.53305	5.43297	1
45	17.4562	37.8327	1
46	18.1861	38.7839	1
47	9.45073	1.75466	1
48	17.1144	3.35691	1
49	14.442	5.4633	1
50	15.9783	1.78205	1
51	24.6163	39.3365	1
52	21.703	36.4551	1
53	20.9551	37.2439	1
54	26.027	1.98642	1
55	29.2877	37.0174	1
56	22.4098	38.6412	1
57	23.0155	1.83833	1
58	24.1134	2.28479	1
59	24.1082	3.42196	1
60	27.0089	36.5372	1
61	29.4535	38.0832	1
62	28.8326	0.931264	1
63	39.5879	1.25944	1
64	34.2792	37.8681	1
65	31.8232	34.8237	1
66	39.4219	39.0175	1
67	35.5721	38.3002	1
68	0.65032	33.1038	1
69	39.3174	37.854	1
70	32.5493	39.2558	1
71	39.7035	2.382	1
72	1.72459	4.43714	1
73	3.2644	36.4334	1
74	3.68137	3.17246	1
75	5.58831	1.99449	1
76	39.7399	4.61312	1
77	7.38493	0.766574	1
78	13.7105	39.5916	1
79	6.63401	3.68337	1
80	11.7785	8.5639	1
81	20.3961	39.193	1
82	15.0127	1.31805	1
83	14.4563	0.376906	1
84	14.2348	3.23053	1
85	15.2332	3.64311	1
86	16.7928	6.57222	1
87	23.2724	37.8982	1
88	22.8911	0.771352	1
89	22.1037	4.56639	1
90	17.435	4.43675	1
91	27.0198	2.45256	1
92	29.7226	0.279816	1
93	22.1359	3.36979	1
94	25.8723	0.899445	1
95	30.4851	38.5285	1
96	30.4979	3.51118	1
97	28.5072	38.8557	1
98	28.1638	36.5642	1
99	1.30838	37.5622	1
100	36.7046	38.4017	1
101	28.8139	5.04619	1
102	37.5034	1.44106	1
103	39.0915	36.7948	1
104	38.6657	2.99492	1
105	5.13761	37.5897	1
106	31.1871	36.7535	1
107	1.54417	1.07618	1
108	2.2827	37.0344	1
109	2.62424	2.68512	1
110	1.04587	9.30249	1
111	6.60405	4.78967	1
112	3.68089	4.29637	1
113	8.37462	1.29307	1
114	13.5286	6.13046	1
115	14.5747	6.54502	1
116	16.6399	39.9689	1
117	16.0793	2.9292	1
118	16.9978	2.24436	1
119	21.074	2.8462	1
120	18.0277	2.59544	1
121	21.0151	1.73259	1
122	18.2083	3.67869	1
123	19.0411	1.92814	1
124	15.1017	2.48717	1
125	24.8553	0.410416	1
126	20.1112	3.50765	1
127	23.1269	2.90968	1
128	26.5511	4.48966	1
129	30.5591	39.603	1
130	28.5059	9.08886	1
131	34.7708	3.16221	1
132	30.7769	0.659641	1
133	28.4185	37.7246	1
134	34.8658	35.8686	1
135	36.8325	4.36638	1
136	33.6841	3.68151	1
137	39.4833	0.178997	1
138	38.6303	1.91882	1
139	38.7423	7.47993	1
140	1.64886	2.17984	1
141	0.377728	39.5015	1
142	3.74848	5.40466	1
143	3.2762	38.718	1
144	1.6647	3.34932	1
145	2.6909	3.7876	1
146	8.52339	5.94189	1
147	11.6417	34.5792	1
148	4.70691	4.8026	1
149	14.8192	39.3804	1
150	7.61082	4.23379	1
151	13.4282	5.05644	1
152	15.5876	5.8219	1
153	16.3235	4.12193	1
154	15.6819	8.47304	1
155	15.3657	4.75172	1
156	23.9584	1.21133	1
157	19.0063	0.777264	1
158	23.7566	0.0562522	1
159	28.1745	2.87956	1
160	29.0614	2.1607	1
161	29.5229	39.1641	1
162	28.6727	39.8654	1
163	30.0349	11.8415	1
164	31.5016	38.9361	1
165	29.0326	6.13534	1
166	28.0267	1.74658	1
167	30.7116	4.68142	1
168	30.8823	5.8225	1
169	30.2293	2.41337	1
170	30.0414	6.56839	1
171	33.4703	38.6246	1
172	38.7607	4.08035	1
173	38.4364	38.5821	1
174	0.796882	5.09223	1
175	39.4479	10.3699	1
176	0.625791	1.71513	1
177	6.54591	2.49709	1
178	3.50662	0.924535	1
179	4.65828	3.6955	1
180	14.3451	4.38725	1
181	10.7691	9.14261	1
182	8.89366	9.32955	1
183	39.7525	3.48942	1
184	6.50284	6.02997	1
185	14.0805	2.07345	1
186	8.52116	4.84138	1
187	12.7507	9.02172	1
188	16.5372	5.19191	1
189	26.0392	12.4499	1
190	13.865	8.52722	1
191	18.3716	9.71204	1
192	22.0171	6.88609	1
193	17.946	6.65532	1
194	19.1081	3.00994	1
195	27.9124	5.81816	1
196	27.3083	3.65679	1
197	28.4894	4.00841	1
198	30.568	9.87338	1
199	32.8415	10.2582	1
200	29.3322	3.18036	1
201	28.716	10.2883	1
202	37.4653	39.1593	1
203	35.668	3.77269	1
204	34.6634	4.21024	1
205	31.1625	6.94678	1
206	31.9849	6.21377	1
207	37.6777	2.54828	1
208	39.3338	8.4006	1
209	38.5253	0.814309	1
210	34.143	7.15461	1
211	38.1433	8.56508	1
212	0.87959	6.22728	1
213	0.526761	10.2937	1
214	2.73446	4.91309	1
215	3.79567	6.53836	1
216	11.6678	6.31107	1
217	10.0151	10.9224	1
218	7.61875	6.62946	1
219	8.57085	3.52438	1
220	8.00232	9.9905	1
221	5.60837	3.11534	1
222	10.7708	8.03952	1
223	9.90526	9.78602	1
224	15.6292	6.93267	1
225	20.8271	13.4654	1
226	19.2086	4.13708	1
227	19.0584	6.37282	1
228	21.4922	14.4428	1
229	19.1802	5.23351	1
230	28.1795	6.87394	1
231	22.0874	5.69545	1
232	29.8739	1.36015	1
233	29.5068	9.56245	1
234	28.3131	7.97358	1
235	31.0493	13.7152	1
236	31.7881	5.11778	1
237	31.2813	8.06695	1
238	29.1797	7.28298	1
239	29.4057	8.39375	1
240	33.7943	4.89177	1
241	36.7204	3.20642	1
242	32.8748	5.5316	1
243	37.7578	3.6805	1
244	39.9458	5.70553	1
245	0.718448	3.94375	1
246	39.9381	9.39844	1
247	0.699712	2.79666	1
248	7.91555	8.85435	1
249	2.77339	8.21207	1
250	9.71023	7.52655	1
251	8.7988	8.16581	1
252	9.196	13.8795	1
253	6.08442	10.1183	1
254	13.6631	7.30319	1
255	9.80077	8.63686	1
256	12.7704	7.92991	1
257	16.9039	8.68104	1
258	12.641	6.85467	1
259	17.191	11.6687	1
260	27.3093	7.56487	1
261	24.2724	14.3128	1
262	17.9562	8.6662	1
263	20.1838	4.64091	1
264	23.1058	5.10974	1
265	20.0665	2.40491	1
266	24.1507	4.47711	1
267	22.9921	6.29527	1
268	27.1277	12.7053	1
269	30.4076	8.74746	1
270	31.2142	14.8367	1
271	29.1118	12.567	1
272	37.5383	0.335907	1
273	35.9181	11.6395	1
274	29.6568	4.29534	1
275	32.1964	7.37632	1
276	36.8768	12.2755	1
277	36.0367	13.9471	1
278	38.2589	10.4338	1
279	31.5068	3.96325	1
280	0.953039	14.4071	1
281	2.82037	6.02121	1
282	1.86851	6.69787	1
283	39.8372	7.1218	1
284	2.89486	12.0816	1
285	7.05442	9.50656	1
286	1.6116	8.29275	1
287	12.0205	12.0217	1
288	10.6692	6.9876	1
289	8.06081	11.0778	1
290	8.06335	12.2268	1
291	4.99702	9.91781	1
292	17.5307	7.65508	1
293	12.9197	11.3405	1
294	20.0603	10.8525	1
295	18.9553	10.6758	1
296	20.9001	15.4232	1
297	18.908	12.6549	1
298	20.1374	5.75424	1
299	22.0377	2.27241	1
300	21.1387	3.97505	1
301	21.0935	5.16909	1
302	23.0992	4.02198	1
303	27.8602	10.9972	1
304	30.2387	7.66431	1
305	32.9056	11.3925	1
306	31.004	12.5241	1
307	32.0674	14.1915	1
308	37.6561	9.53256	1
309	37.035	14.4964	1
310	34.8811	5.26971	1
311	32.7023	4.39533	1
312	0.020628	11.3139	1
313	36.9949	8.58128	1
314	37.5813	7.64953	1
315	2.03601	14.1366	1
316	38.9134	11.4291	1
317	6.86271	8.42953	1
318	1.71241	10.2327	1
319	1.82248	5.59367	1
320	2.79579	10.1439	1
321	2.48999	0.426333	1
322	11.0697	12.6477	1
323	12.0884	14.2767	1
324	14.75	7.72137	1
325	13.1243	15.9678	1
326	8.98412	10.4445	1
327	12.7579	10.1672	1
328	17.6735	12.6515	1
329	18.7093	7.76172	1
330	17.8242	10.7323	1
331	27.2037	13.7717	1
332	23.678	15.2816	1
333	19.5526	9.78715	1
334	20.0466	6.83348	1
335	27.4778	8.70281	1
336	21.1274	6.28028	1
337	27.6311	4.71166	1
338	30.0974	13.145	1
339	29.8622	5.41271	1
340	32.9613	12.4848	1
341	33.356	18.0368	1
342	31.943	13.1169	1
343	37.8338	11.5499	1
344	33.8798	11.8855	1
345	34.9702	12.3148	1
346	2.84133	14.9806	1
347	33.8662	10.7701	1
348	3.62994	12.9526	1
349	0.874708	7.30604	1
350	34.9737	6.38976	1
351	1.09897	11.2732	1
352	0.405082	8.35726	1
353	4.42352	8.98897	1
354	2.8725	7.14299	1
355	2.19137	9.2266	1
356	5.13292	11.7145	1
357	4.4985	10.8815	1
358	9.07663	11.5507	1
359	10.0152	12.1291	1
360	9.33901	17.0957	1
361	10.8883	10.2999	1
362	11.7774	9.68691	1
363	16.7019	19.3828	1
364	16.4336	7.66941	1
365	19.0763	8.81677	1
366	26.4887	14.5689	1
367	20.9929	7.40404	1
368	25.3778	14.4218	1
369	25.1301	2.75254	1
370	26.9006	11.6492	1
371	28.9735	11.4072	1
372	26.451	8.28418	1
373	28.1662	13.2459	1
374	32.3418	8.45817	1
375	29.1239	13.729	1
376	29.8307	10.7068	1
377	31.2609	15.984	1
378	31.9598	11.976	1
379	35.1201	14.5404	1
380	34.8922	11.2255	1
381	33.9461	12.9783	1
382	4.0716	11.9367	1
383	35.9478	12.8261	1
384	39.3869	15.8625	1
385	36.1564	15.1016	1
386	0.665836	12.3876	1
387	3.43841	11.0487	1
388	5.97412	9.07918	1
389	7.06226	11.6918	1
390	2.2579	17.0802	1
391	7.78409	7.71111	1
392	13.0362	12.4812	1
393	7.07413	10.6158	1
394	9.04782	12.6944	1
395	10.0589	13.2181	1
396	17.3031	9.68889	1
397	13.0363	13.6055	1
398	11.7046	7.43543	1
399	16.7069	10.6681	1
400	19.3945	11.6697	1
401	25.0454	13.329	1
402	19.5138	16.6672	1
403	27.656	9.84464	1
404	24.8873	12.1565	1
405	26.6088	9.40241	1
406	26.1341	13.5625	1
407	26.7939	10.5469	1
408	30.4453	17.7747	1
409	28.4467	17.8911	1
410	20.1062	12.5543	1
411	31.2984	17.1226	1
412	32.4507	18.6483	1
413	33.1154	14.6901	1
414	34.2517	16.2872	1
415	34.9935	13.4423	1
416	34.0506	14.0931	1
417	37.1775	17.7616	1
418	1.79597	12.1939	1
419	33.0188	6.62787	1
420	1.21301	17.4112	1
421	38.8016	9.48239	1
422	1.39134	20.4066	1
423	1.30267	13.2714	1
424	3.15911	13.932	1
425	3.87128	9.99027	1
426	4.75393	15.4739	1
427	3.32933	9.08069	1
428	11.1023	13.7561	1
429	3.66538	15.7247	1
430	15.8995	18.6587	1
431	12.1511	15.4262	1
432	15.6456	19.781	1
433	16.2018	9.57971	1
434	17.2796	16.954	1
435	20.3488	14.4386	1
436	18.3345	11.7293	1
437	27.7493	14.7853	1
438	26.943	15.5474	1
439	18.2016	14.8186	1
440	28.0232	12.1057	1
441	18.4041	16.8926	1
442	26.8905	17.5455	1
443	25.8165	15.4596	1
444	30.2328	15.5339	1
445	28.3925	16.82	1
446	28.4226	19.0631	1
447	33.4778	19.1444	1
448	30.43	18.9512	1
449	30.1575	14.3484	1
450	38.0421	15.0013	1
451	2.28899	11.169	1
452	2.44788	13.1057	1
453	33.9605	5.93992	1
454	5.55867	16.2364	1
455	2.5471	16.0371	1
456	0.116883	17.6435	1
457	10.0397	18.8815	1
458	6.3632	17.0428	1
459	4.73533	12.874	1
460	12.0501	13.0985	1
461	6.0924	12.3393	1
462	10.1961	17.7344	1
463	7.16072	12.8312	1
464	3.94895	14.6559	1
465	11.1657	17.1576	1
466	18.8409	15.768	1
467	11.9207	10.8661	1
468	4.95693	14.0177	1
469	13.0602	17.0749	1
470	19.2741	14.6776	1
471	24.7501	15.3545	1
472	17.3629	13.7826	1
473	21.9096	16.2655	1
474	22.5087	17.2005	1
475	28.1672	15.7751	1
476	30.3092	16.6538	1
477	21.2607	20.3921	1
478	27.3566	16.542	1
479	29.2816	16.178	1
480	32.3065	17.5578	1
481	32.9691	13.6076	1
482	32.3018	16.4281	1
483	29.3649	17.2688	1
484	37.1142	15.6315	1
485	34.1532	15.2032	1
486	35.1944	15.6383	1
487	36.9284	13.3998	1
488	37.3225	20.1044	1
489	0.599715	15.4694	1
490	6.12412	11.189	1
491	8.28521	17.4342	1
492	4.0874	17.6607	1
493	7.84444	19.6487	1
494	10.2578	16.561	1
495	3.02189	17.9276	1
496	10.1523	15.4597	1
497	10.9535	11.5193	1
498	10.1798	14.3584	1
499	16.9365	18.1801	1
500	7.19856	17.8205	1
501	18.2744	19.8998	1
502	13.1388	20.5295	1
503	17.1527	14.8496	1
504	20.9628	18.4108	1
505	13.9751	13.0451	1
506	22.4908	15.2269	1
507	22.9871	16.204	1
508	21.6757	19.3353	1
509	25.2163	16.4541	1
510	24.1732	16.292	1
511	22.0555	18.2611	1
512	27.536	18.4974	1
513	21.4436	17.3485	1
514	27.5043	21.9028	1
515	32.1995	15.3344	1
516	36.1233	16.1699	1
517	32.4868	19.7711	1
518	34.2401	17.3855	1
519	34.5252	20.714	1
520	37.9461	13.8668	1
521	39.2267	16.917	1
522	33.2615	16.8915	1
523	1.72872	15.2218	1
524	38.242	16.1331	1
525	4.46409	16.5749	1
526	1.68099	19.2966	1
527	4.3629	24.8931	1
528	4.99053	18.4734	1
529	3.36218	16.8383	1
530	9.77828	19.9797	1
531	8.91277	19.3046	1
532	11.1838	14.8787	1
533	12.0871	16.5779	1
534	10.5958	22.175	1
535	12.1078	17.8142	1
536	15.368	20.8634	1
537	16.0873	17.4757	1
538	16.4638	20.4715	1
539	17.6839	15.8459	1
540	19.8648	18.6679	1
541	18.5356	13.7442	1
542	19.6378	13.5622	1
543	22.4513	20.3225	1
544	26.2889	16.4907	1
545	23.1368	18.1808	1
546	29.4032	18.4235	1
547	25.8068	17.5047	1
548	25.4878	20.7946	1
549	32.3697	24.9849	1
550	33.892	28.7982	1
551	28.4773	21.3122	1
552	33.0445	25.9526	1
553	32.5207	20.8682	1
554	31.4386	18.273	1
555	37.8929	12.7726	1
556	39.609	12.3582	1
557	36.2876	18.433	1
558	1.4159	16.2467	1
559	36.1822	17.2815	1
560	37.2695	18.974	1
561	0.428727	16.5855	1
562	2.45484	20.1127	1
563	5.8773	19.366	1
564	8.18984	13.3636	1
565	6.10113	18.1874	1
566	11.1039	18.3831	1
567	8.09593	18.5369	1
568	13.9023	22.5387	1
569	11.1964	21.2181	1
570	14.6659	21.7156	1
571	13.2141	23.4561	1
572	10.1114	21.0654	1
573	20.1564	20.519	1
574	17.6342	20.8156	1
575	9.12531	18.2134	1
576	13.0573	14.8019	1
577	18.7831	18.8131	1
578	24.5724	21.4106	1
579	20.2498	17.568	1
580	22.5262	22.2774	1
581	28.5557	22.416	1
582	27.493	20.7698	1
583	26.3698	20.1126	1
584	26.5471	22.555	1
585	29.4616	21.8331	1
586	34.9886	28.6015	1
587	34.7185	24.7219	1
588	35.4577	20.2342	1
589	35.1794	16.8649	1
590	34.8295	26.7367	1
591	33.2	15.8175	1
592	34.3507	18.5328	1
593	39.1047	18.0334	1
594	39.6126	19.9869	1
595	39.8877	18.8881	1
596	38.3755	20.223	1
597	2.75601	19.0248	1
598	7.02288	23.5551	1
599	5.64251	22.227	1
600	0.870292	18.4448	1
601	2.58391	25.3962	1
602	7.76222	22.7558	1
603	10.8447	20.1321	1
604	13.7355	24.4627	1
605	12.8477	22.3919	1
606	16.0394	31.0697	1
607	9.95736	23.1474	1
608	17.6768	18.9731	1
609	18.9579	31.1777	1
610	19.1808	17.789	1
611	19.4311	19.694	1
612	19.9505	26.8011	1
613	19.562	21.7278	1
614	21.9791	21.3188	1
615	25.34	19.706	1
616	27.5209	23.0134	1
617	29.4148	19.5952	1
618	29.4388	20.7257	1
619	33.4603	20.2442	1
620	29.4964	25.5374	1
621	29.3413	29.1651	1
622	33.4517	24.9452	1
623	37.0855	26.4417	1
624	33.6947	26.8815	1
625	38.1458	17.2486	1
626	37.2019	16.6567	1
627	36.3811	25.5572	1
628	0.304958	20.8274	1
629	39.1625	21.0832	1
630	5.22356	17.3857	1
631	38.5054	25.0958	1
632	0.269333	25.7461	1
633	2.92376	27.1664	1
634	2.26743	22.2826	1
635	6.92029	18.9389	1
636	7.37142	24.6203	1
637	11.1547	15.9972	1
638	8.49253	24.8651	1
639	11.0672	23.2294	1
640	11.0057	29.4198	1
641	14.2352	20.6791	1
642	17.6728	28.5208	1
643	13.498	21.5528	1
644	18.0257	17.9618	1
645	12.3765	21.3822	1
646	19.1314	25.9787	1
647	23.6349	22.0627	1
648	20.7691	21.4704	1
649	28.4823	24.9541	1
650	25.5692	24.1775	1
651	26.5423	21.3104	1
652	29.4308	24.4003	1
653	28.3934	20.1509	1
654	30.9505	27.967	1
655	31.9308	26.0115	1
656	32.7288	28.8558	1
657	28.8831	30.1337	1
658	38.8422	19.1382	1
659	1.0592	29.4985	1
660	35.2427	17.9484	1
661	34.3653	27.7434	1
662	35.2485	25.6741	1
663	38.1217	18.3505	1
664	35.4045	19.0578	1
665	35.4223	21.3576	1
666	1.14174	21.4751	1
667	5.83208	26.3197	1
668	2.25904	21.1548	1
669	8.1146	23.7955	1
670	7.37566	16.6724	1
671	5.1217	24.0642	1
672	11.6939	22.3143	1
673	11.4316	24.3552	1
674	9.64004	25.0777	1
675	21.2001	23.4783	1
676	18.0555	26.3981	1
677	10.7311	25.3044	1
678	20.3568	22.4646	1
679	18.4095	21.6249	1
680	18.7218	28.2538	1
681	23.4139	21.0318	1
682	25.6061	21.8973	1
683	24.6523	17.4473	1
684	27.5153	24.2379	1
685	23.0714	26.9484	1
686	25.6254	29.2873	1
687	24.7035	24.8961	1
688	27.3759	19.6329	1
689	24.0693	26.4843	1
690	29.7628	28.0111	1
691	30.3335	27.0373	1
692	34.1673	25.8228	1
693	32.6034	26.878	1
694	35.1544	30.6346	1
695	37.4865	25.3239	1
696	33.5918	31.835	1
697	38.4587	28.1613	1
698	36.3315	19.565	1
699	35.9545	26.6187	1
700	5.4599	28.1541	1
701	38.1522	26.2564	1
702	6.24399	24.3948	1
703	3.24283	24.5886	1
704	4.8324	23.0336	1
705	5.91601	23.2966	1
706	12.5693	24.3802	1
707	9.12049	29.9913	1
708	14.0592	30.553	1
709	16.5267	28.8609	1
710	16.8162	27.7797	1
711	16.8891	31.834	1
712	17.8634	27.4621	1
713	14.357	23.5449	1
714	19.2457	30.0474	1
715	18.8923	27.1535	1
716	23.5954	23.1949	1
717	20.5612	19.4934	1
718	23.602	17.2062	1
719	24.6735	22.5467	1
720	24.31	20.2812	1
721	23.0365	30.9495	1
722	26.5556	24.8416	1
723	27.5697	28.1411	1
724	25.6149	23.1053	1
725	26.5862	23.7413	1
726	32.1067	27.9049	1
727	28.1011	27.1683	1
728	31.4057	27.0235	1
729	33.7437	23.8836	1
730	36.2739	30.4042	1
731	39.92	26.8582	1
732	0.664234	19.5987	1
733	38.859	27.0904	1
734	3.58399	25.7576	1
735	3.37466	28.999	1
736	1.44492	25.3695	1
737	6.21344	27.3584	1
738	2.90647	23.5417	1
739	6.53102	25.4417	1
740	4.04787	23.8005	1
741	12.1262	23.365	1
742	10.2956	24.2287	1
743	8.81329	25.9205	1
744	12.975	25.422	1
745	17.3549	29.6088	1
746	20.5919	28.6308	1
747	18.491	33.407	1
748	17.0645	30.7389	1
749	17.9183	31.4814	1
750	23.763	24.3372	1
751	24.7097	28.603	1
752	24.6251	23.6955	1
753	23.9752	27.6337	1
754	21.4125	22.3428	1
755	22.0076	27.2348	1
756	23.8763	31.7513	1
757	21.3741	29.3818	1
758	29.1724	27.0673	1
759	27.0369	29.1339	1
760	34.5732	29.7372	1
761	31.8491	30.8899	1
762	31.1838	29.9343	1
763	39.6121	27.9286	1
764	36.1204	28.519	1
765	35.6333	29.5351	1
766	34.4578	19.6522	1
767	33.2387	27.8559	1
768	36.4127	20.7627	1
769	2.06841	26.3696	1
770	6.54975	28.4222	1
771	8.83636	28.9042	1
772	3.94639	26.8614	1
773	4.73367	26.0088	1
774	8.49881	27.8076	1
775	2.13486	24.3695	1
776	7.71294	25.7084	1
777	9.19952	23.9916	1
778	8.9109	22.8712	1
779	19.0235	20.7291	1
780	18.421	29.3343	1
781	19.3637	38.6203	1
782	20.8034	31.5718	1
783	18.684	32.2681	1
784	19.5156	29.0184	1
785	20.8915	27.5115	1
786	21.6697	28.3061	1
787	19.7946	27.8656	1
788	20.0677	30.7978	1
789	21.7032	32.3145	1
790	20.3163	29.7512	1
791	28.2275	29.2234	1
792	21.9036	31.2763	1
793	22.4804	33.0953	1
794	28.4592	23.6858	1
795	32.3078	29.9174	1
796	25.2483	30.3589	1
797	36.6087	32.3621	1
798	34.0931	30.7533	1
799	34.7371	31.6558	1
800	39.6895	33.8431	1
801	39.2289	26.0273	1
802	1.00658	26.5627	1
803	0.245491	28.7735	1
804	2.18013	29.3105	1
805	5.04085	27.1618	1
806	9.589	28.0515	1
807	1.43315	28.4754	1
808	3.92817	28.0336	1
809	1.96097	18.2402	1
810	7.31556	27.6107	1
811	5.40638	25.1603	1
812	12.4355	30.7172	1
813	11.8147	28.5808	1
814	11.8306	25.3766	1
815	15.8172	32.1419	1
816	16.9931	35.9457	1
817	16.2464	29.976	1
818	23.6218	25.4128	1
819	20.3478	33.7573	1
820	26.4653	30.0874	1
821	27.5637	25.4867	1
822	23.2533	29.873	1
823	19.7467	31.9379	1
824	20.1472	34.8934	1
825	21.4226	33.4502	1
826	25.851	36.512	1
827	24.4121	33.4812	1
828	28.634	28.203	1
829	29.3768	32.6416	1
830	30.2601	31.9505	1
831	31.3934	31.9303	1
832	37.4279	30.2769	1
833	33.0023	30.8766	1
834	36.8016	29.416	1
835	37.0308	31.364	1
836	36.632	33.4953	1
837	36.6543	27.4989	1
838	39.1773	28.9674	1
839	4.60563	28.9913	1
840	39.8945	29.8046	1
841	9.15659	26.9254	1
842	7.71185	28.6198	1
843	1.80963	27.4185	1
844	10.2024	30.2487	1
845	11.6848	31.487	1
846	13.2249	29.8578	1
847	15.0303	35.4302	1
848	11.331	30.4577	1
849	12.3121	33.7345	1
850	6.94151	26.504	1
851	12.7847	31.8147	1
852	18.1047	30.3837	1
853	22.1688	30.2332	1
854	21.3415	38.3433	1
855	19.5321	33.0234	1
856	23.6427	28.8238	1
857	21.1319	30.5077	1
858	22.8589	28.0208	1
859	19.3447	34.1631	1
860	26.6272	33.6112	1
861	24.4196	29.6627	1
862	30.4575	28.9873	1
863	35.5586	32.6934	1
864	28.4901	26.0915	1
865	30.4848	34.6623	1
866	33.432	29.8482	1
867	30.7313	30.9832	1
868	35.9313	31.4886	1
869	35.5252	27.5858	1
870	37.9403	29.2974	1
871	0.665227	27.6925	1
872	6.8944	29.4384	1
873	5.11387	30.1068	1
874	6.52606	31.4494	1
875	6.85495	32.5059	1
876	3.61139	30.9983	1
877	2.53934	1.57369	1
878	39.9805	36.0863	1
879	7.33941	30.4979	1
880	10.5993	31.267	1
881	9.9344	26.1066	1
882	8.379	30.7883	1
883	9.16945	32.939	1
884	15.275	34.3479	1
885	17.4478	33.7576	1
886	6.10476	38.0235	1
887	13.8864	31.7114	1
888	14.6737	32.4955	1
889	15.5734	33.2393	1
890	14.9515	31.4583	1
891	19.9108	35.9995	1
892	20.2804	38.0919	1
893	20.6226	32.6864	1
894	19.7506	37.1037	1
895	21.0188	35.6067	1
896	25.1179	37.3824	1
897	29.9876	30.0566	1
898	32.5607	33.9932	1
899	31.9709	33.0186	1
900	24.1082	30.7133	1
901	37.6817	34.0042	1
902	34.1396	36.6615	1
903	37.7582	27.3194	1
904	38.8326	29.9965	1
905	37.6267	32.8848	1
906	32.093	35.8911	1
907	0.717432	30.5529	1
908	5.75945	29.2217	1
909	38.7465	34.5402	1
910	6.26109	30.3445	1
911	7.62531	34.5556	1
912	4.1957	38.1666	1
913	2.53883	31.238	1
914	5.18975	38.7089	1
915	10.9407	32.4193	1
916	8.05562	26.7723	1
917	9.95921	29.0606	1
918	9.87266	32.1254	1
919	10.544	34.2912	1
920	13.5362	32.7878	1
921	12.9999	34.9219	1
922	13.389	33.8771	1
923	16.3413	34.0889	1
924	12.9271	28.7509	1
925	15.1829	30.3049	1
926	16.6399	32.9936	1
927	21.2255	34.5583	1
928	19.0815	35.1964	1
929	22.0684	37.5162	1
930	23.5494	32.7878	1
931	24.3823	38.2672	1
932	22.4544	29.1238	1
933	33.177	32.9681	1
934	31.5921	28.9098	1
935	24.7274	32.4333	1
936	23.3816	33.8782	1
937	36.7888	34.5756	1
938	38.9228	35.6497	1
939	28.253	34.5915	1
940	35.7826	34.1562	1
941	34.7797	33.6739	1
942	35.9094	35.2379	1
943	4.01337	29.9308	1
944	8.0755	29.7023	1
945	2.56176	28.2488	1
946	0.731671	34.2378	1
947	7.57364	31.5736	1
948	12.0515	32.6625	1
949	6.3531	0.28798	1
950	9.51509	31.0616	1
951	8.00153	32.7025	1
952	10.1893	33.2291	1
953	9.41754	34.0442	1
954	14.4448	33.5643	1
955	7.57553	3.10563	1
956	17.1614	34.8357	1
957	11.2526	33.4642	1
958	16.6436	37.0345	1
959	14.0883	38.552	1
960	16.1189	35.1636	1
961	18.8791	36.4497	1
962	22.6858	39.6751	1
963	18.2637	34.5254	1
964	23.5278	39.0141	1
965	24.9197	34.4821	1
966	27.7628	0.58071	1
967	22.7491	32.0091	1
968	25.9803	34.512	1
969	27.5878	30.0718	1
970	32.532	32.0498	1
971	27.7928	33.5749	1
972	28.9087	33.6377	1
973	31.7072	39.9941	1
974	33.1014	36.2676	1
975	32.8971	35.093	1
976	39.6822	32.6576	1
977	38.665	33.3844	1
978	2.94343	30.0767	1
979	12.1465	29.6336	1
980	32.2746	37.0326	1
981	2.29244	38.1287	1
982	0.18305	37.1968	1
983	4.32255	35.9058	1
984	0.374794	38.2816	1
985	15.5487	37.3056	1
986	7.44275	1.88956	1
987	5.27646	39.8117	1
988	5.4358	0.886115	1
989	14.18	34.6488	1
990	14.3743	37.4663	1
991	14.8364	36.4861	1
992	17.0637	38.9328	1
993	13.8775	35.6982	1
994	19.968	1.28495	1
995	25.0053	1.58436	1
996	19.9391	0.182794	1
997	17.7576	36.7431	1
998	25.5466	33.5038	1
999	24.9716	31.4086	1
1000	26.5802	35.5382	1
1001	26.9271	1.3527	1
1002	25.4544	35.484	1
1003	30.7736	32.9074	1
1004	31.2337	33.8925	1
1005	25.4988	38.5129	1
1006	30.1249	36.3271	1
1007	34.3	32.6441	1
1008	32.3699	38.1627	1
1009	22.7863	36.7645	1
1010	33.3231	37.3494	1
1011	7.25324	33.5223	1
1012	34.9081	34.7878	1
1013	37.8523	35.1221	1
1014	38.0335	36.3329	1
1015	33.7995	34.3	1
1016	1.84854	30.4137	1
1017	39.7765	35.0041	1
1018	4.21283	36.9744	1
1019	4.22827	39.2573	1
1020	4.53549	1.51764	1
1021	8.33481	33.6993	1
1022	15.8734	36.1836	1
1023	21.0444	0.554525	1
