0	33.9826	35.596	1
1	38.4275	39.7274	1
2	1.45705	39.9847	1
3	5.2191	36.4452	1
4	6.19534	39.1839	1
5	0.527681	0.610037	1
6	7.17426	38.6365	1
7	12.641	5.68772	1
8	17.7472	39.8602	1
9	3.58473	2.06025	1
10	18.5526	37.5518	1
11	18.7935	39.6508	1
12	15.2466	38.423	1
13	17.9915	35.6357	1
14	13.2378	3.79269	1
15	15.5628	0.343233	1
16	15.9879	39.2736	1
17	21.6378	39.5763	1
18	22.1692	34.2524	1
19	26.2267	37.6086	1
20	25.7215	39.7258	1
21	26.7454	0.206553	1
22	29.3884	31.0302	1
23	26.2405	3.18175	1
24	27.3548	37.5497	1
25	30.1521	33.6637	1
26	27.1231	34.4832	1
27	31.3438	37.7932	1
28	30.3148	37.3396	1
29	27.6125	35.5453	1
30	33.5089	39.6366	1
31	31.0533	35.6001	1
32	35.186	36.9903	1
33	2.30437	39.2648	1
34	39.0177	6.41639	1
35	6.45438	1.39063	1
36	3.33875	37.5963	1
37	8.79723	31.8622	1
38	8.66198	7.0038	1
39	5.63666	4.19864	1
40	4.83606	5.9668	1
41	4.60112	2.60066	1
42	16.2926	38.1762	1
43	8.42403	2.44607	1
44	7.59525	5.2941	1
45	17.4678	37.8478	1
46	18.2514	38.6814	1
47	9.43077	1.86456	1
48	17.1923	3.38308	1
49	14.4499	5.3456	1
50	16.1301	1.73621	1
51	24.5891	39.3356	1
52	21.777	36.5001	1
53	20.9478	37.2205	1
54	26.0411	2.11708	1
55	29.2238	36.9292	1
56	22.4723	38.5715	1
57	23.0194	1.8183	1
58	24.0608	2.28805	1
59	24.0719	3.3948	1
60	26.9869	36.5235	1
61	29.4274	38.0728	1
62	28.8994	0.997595	1
63	39.6148	1.23708	1
64	34.363	37.8442	1
65	31.8946	34.7759	1
66	39.3925	38.9966	1
67	35.4412	38.1641	1
68	0.725064	33.3568	1
69	39.2898	37.8922	1
70	32.5071	39.2864	1
71	39.8156	2.36232	1
72	1.81017	4.45583	1
73	3.29288	36.5027	1
74	3.68029	3.17933	1
75	5.4856	1.99576	1
76	39.8175	4.59754	1
77	7.39859	0.778532	1
78	13.6811	39.637	1
79	6.53909	3.63417	1
80	11.8139	8.58145	1
81	20.5535	39.2234	1
82	15.0774	1.3132	1
83	14.4304	0.470569	1
84	14.0975	3.01878	1
85	15.1793	3.55985	1
86	16.7691	6.57943	1
87	23.266	37.8253	1
88	22.853	0.696462	1
89	22.0253	4.58339	1
90	17.3368	4.51588	1
91	27.1151	2.50631	1
92	29.7493	0.325417	1
93	22.0214	3.43669	1
94	25.8814	0.968753	1
95	30.4656	38.4832	1
96	30.4179	3.62105	1
97	28.58	38.7611	1
98	28.1518	36.5692	1
99	1.28157	37.7418	1
100	36.4054	38.6172	1
101	28.6957	5.08984	1
102	37.686	1.48225	1
103	39.1829	36.7715	1
104	38.7696	3.0804	1
105	5.22095	37.5594	1
106	31.232	36.687	1
107	1.58537	1.04604	1
108	2.23001	37.0409	1
109	2.63977	2.73061	1
110	0.941367	9.31449	1
111	6.63707	4.78492	1
112	3.69847	4.33334	1
113	8.48789	1.21395	1
114	13.6033	6.0697	1
115	14.6136	6.48121	1
116	16.6336	0.0996307	1
117	16.1636	2.91359	1
118	17.0606	2.23285	1
119	21.1259	2.8644	1
120	18.134	2.56198	1
121	21.023	1.64629	1
122	18.1857	3.76308	1
123	19.0973	1.91158	1
124	15.1313	2.44174	1
125	24.8391	0.445113	1
126	20.0972	3.53428	1
127	23.0362	2.89462	1
128	26.612	4.30598	1
129	30.5757	39.6691	1
130	28.517	9.11906	1
131	34.6356	3.16567	1
132	30.7745	0.770493	1
133	28.4381	37.685	1
134	34.9783	35.9541	1
135	36.6725	4.28081	1
136	33.5909	3.75785	1
137	39.4422	0.129519	1
138	38.7542	1.94654	1
139	38.6771	7.51508	1
140	1.64044	2.16139	1
141	0.397661	39.5612	1
142	3.8543	5.42977	1
143	3.27968	38.7241	1
144	1.71045	3.3024	1
145	2.72168	3.83459	1
146	8.57085	5.88074	1
147	11.6342	34.611	1
148	4.7582	4.80106	1
149	14.8724	39.4818	1
150	7.49135	4.15796	1
151	13.3858	4.91703	1
152	15.4919	5.74778	1
153	16.2595	4.08669	1
154	15.534	8.68624	1
155	15.3522	4.68269	1
156	23.9492	1.13248	1
157	18.9398	0.77137	1
158	23.7264	0.0554268	1
159	28.1847	2.83974	1
160	29.0079	2.08745	1
161	29.615	39.2109	1
162	28.7111	39.8795	1
163	30.0705	12.0115	1
164	31.4904	38.9879	1
165	28.9721	6.15407	1
166	28.021	1.72917	1
167	30.7349	4.72778	1
168	30.8608	5.8335	1
169	30.141	2.56374	1
170	30.049	6.59273	1
171	33.3814	38.503	1
172	38.8441	4.20125	1
173	38.3244	38.5381	1
174	0.858742	5.06306	1
175	39.3854	10.3756	1
176	0.638167	1.67367	1
177	6.51262	2.50303	1
178	3.55669	0.856703	1
179	4.65403	3.71498	1
180	14.2517	4.27499	1
181	10.8679	9.20467	1
182	8.86853	9.29496	1
183	39.8179	3.47091	1
184	6.63076	5.935	1
185	14.0866	1.87803	1
186	8.55427	4.70526	1
187	12.8536	9.09354	1
188	16.468	5.33861	1
189	26.0726	12.3574	1
190	13.7651	8.28146	1
191	18.3497	9.65214	1
192	22.0383	6.86705	1
193	17.959	6.65183	1
194	19.1415	3.0124	1
195	27.8663	5.81038	1
196	27.3945	3.59611	1
197	28.4133	4.02202	1
198	30.5861	9.94824	1
199	32.7154	10.2536	1
200	29.2877	3.30269	1
201	28.706	10.2362	1
202	37.4033	39.2034	1
203	35.664	3.75629	1
204	34.69	4.28783	1
205	31.072	6.97454	1
206	31.8762	6.18705	1
207	37.8556	2.57621	1
208	39.2789	8.38695	1
209	38.5495	0.838078	1
210	33.8618	7.10317	1
211	38.2049	8.49967	1
212	0.955836	6.15665	1
213	0.519342	10.3122	1
214	2.81972	4.96427	1
215	3.93111	6.58763	1
216	11.6396	6.21908	1
217	9.93538	10.9334	1
218	7.65622	6.5048	1
219	8.44257	3.55507	1
220	7.9321	10.0012	1
221	5.59795	3.07848	1
222	10.8254	8.08245	1
223	9.89951	9.81198	1
224	15.6618	6.82801	1
225	20.8148	13.4363	1
226	19.2186	4.12421	1
227	19.0699	6.41965	1
228	21.5572	14.4206	1
229	19.0652	5.25508	1
230	28.1802	6.93674	1
231	22.0298	5.73174	1
232	29.8941	1.42963	1
233	29.5525	9.56851	1
234	28.3686	8.0165	1
235	31.1141	13.6582	1
236	31.7679	5.09419	1
237	31.3235	8.15879	1
238	29.1995	7.32095	1
239	29.4123	8.43112	1
240	33.7203	4.90131	1
241	36.7973	3.16003	1
242	32.7821	5.49757	1
243	37.7379	3.77399	1
244	39.8863	5.68158	1
245	0.807296	3.93251	1
246	39.8862	9.3746	1
247	0.734434	2.82946	1
248	7.84903	8.79573	1
249	2.64393	8.26764	1
250	9.64663	7.56881	1
251	8.73503	8.218	1
252	9.17229	13.8476	1
253	6.07572	10.1988	1
254	13.6474	7.19048	1
255	9.83525	8.67922	1
256	12.6841	7.90044	1
257	16.7543	8.71317	1
258	12.6429	6.76943	1
259	17.1523	11.5384	1
260	27.229	7.55494	1
261	24.2796	14.2034	1
262	17.8805	8.62649	1
263	20.1559	4.65676	1
264	22.9732	5.19714	1
265	20.117	2.36853	1
266	23.9549	4.57193	1
267	22.991	6.30866	1
268	27.1514	12.7034	1
269	30.4135	8.88712	1
270	31.1948	14.7871	1
271	29.0686	12.5415	1
272	37.5125	0.339643	1
273	35.8116	11.687	1
274	29.6091	4.40486	1
275	32.0684	7.35448	1
276	36.8411	12.1354	1
277	36.0413	13.9507	1
278	38.3328	10.4387	1
279	31.5435	3.97165	1
280	1.05188	14.3563	1
281	2.96771	6.05253	1
282	1.95443	6.66965	1
283	39.7787	7.38921	1
284	2.95041	12.0569	1
285	6.92852	9.4907	1
286	1.50111	8.23681	1
287	11.9532	11.9582	1
288	10.692	6.86382	1
289	8.05531	11.1064	1
290	8.08228	12.2557	1
291	4.98238	10.0049	1
292	17.3452	7.68833	1
293	12.9759	11.3752	1
294	20.0222	10.7874	1
295	18.9008	10.7015	1
296	21.0188	15.4395	1
297	18.959	12.693	1
298	20.0468	5.79545	1
299	21.9583	2.22285	1
300	21.093	4.054	1
301	21.0733	5.2187	1
302	23.0132	3.99485	1
303	27.9051	10.9671	1
304	30.2821	7.73007	1
305	32.9604	11.3627	1
306	31.0688	12.5779	1
307	32.1409	14.1473	1
308	37.7363	9.53304	1
309	37.0309	14.36	1
310	34.7113	5.41699	1
311	32.6899	4.41728	1
312	39.9587	11.2625	1
313	37.154	8.56891	1
314	37.5851	7.54235	1
315	2.07193	14.114	1
316	38.9028	11.4518	1
317	6.78246	8.30403	1
318	1.64755	10.2272	1
319	1.91265	5.57836	1
320	2.77587	10.0744	1
321	2.51302	0.41477	1
322	11.0589	12.6046	1
323	12.1428	14.2503	1
324	14.8263	7.7284	1
325	13.0621	16.0804	1
326	8.95091	10.3916	1
327	12.9266	10.2024	1
328	17.8207	12.7763	1
329	18.5055	7.65953	1
330	17.7553	10.6208	1
331	27.2022	13.7589	1
332	23.5481	15.195	1
333	19.5132	9.77345	1
334	20.0757	6.93767	1
335	27.4881	8.69315	1
336	21.0236	6.30896	1
337	27.6184	4.74505	1
338	30.0656	13.1431	1
339	29.8227	5.47987	1
340	32.9927	12.4293	1
341	33.3424	17.9976	1
342	32.066	13.0014	1
343	37.7911	11.4387	1
344	33.9816	11.8371	1
345	34.9387	12.3654	1
346	2.82346	14.9579	1
347	33.8323	10.6556	1
348	3.62065	12.9856	1
349	0.8963	7.30155	1
350	34.8701	6.50192	1
351	1.12955	11.2912	1
352	0.347008	8.32861	1
353	4.49123	9.04187	1
354	2.89421	7.22677	1
355	2.1094	9.20416	1
356	5.19454	11.9238	1
357	4.58839	11.0197	1
358	9.04685	11.5971	1
359	10.0659	12.1136	1
360	9.0787	17.0269	1
361	10.8902	10.3062	1
362	11.8703	9.72055	1
363	16.691	19.2366	1
364	16.1993	7.74733	1
365	18.9626	8.77482	1
366	26.5591	14.6077	1
367	21.1026	7.45493	1
368	25.4427	14.466	1
369	25.1109	2.70795	1
370	26.9279	11.5956	1
371	28.9287	11.4208	1
372	26.4123	8.32666	1
373	28.1308	13.1558	1
374	32.39	8.44602	1
375	29.1409	13.6765	1
376	29.7337	10.7046	1
377	31.1646	15.8896	1
378	32.01	11.904	1
379	35.0913	14.612	1
380	34.8775	11.153	1
381	34.0207	12.9755	1
382	4.08385	11.909	1
383	35.9558	12.8386	1
384	39.3916	15.8025	1
385	36.1468	15.0099	1
386	0.685361	12.2947	1
387	3.43498	11.0366	1
388	5.6492	9.11616	1
389	7.13827	11.7594	1
390	2.29229	17.0367	1
391	7.75479	7.65731	1
392	12.9746	12.4992	1
393	7.06065	10.6207	1
394	9.06554	12.6995	1
395	10.0737	13.2352	1
396	17.2957	9.66298	1
397	13.0781	13.7167	1
398	11.7208	7.37982	1
399	16.6372	10.5447	1
400	19.3881	11.6975	1
401	25.0525	13.4217	1
402	19.5729	16.5114	1
403	27.6724	9.78885	1
404	24.8947	12.3068	1
405	26.6519	9.39137	1
406	26.1462	13.579	1
407	26.7957	10.5037	1
408	30.4458	17.7016	1
409	28.2855	17.9303	1
410	20.1039	12.5851	1
411	31.331	17.0669	1
412	32.4547	18.6616	1
413	33.0859	14.6909	1
414	34.2537	16.3506	1
415	35.0092	13.4829	1
416	34.0502	14.1421	1
417	37.159	17.7566	1
418	1.82449	12.1798	1
419	32.8732	6.63575	1
420	1.24211	17.4361	1
421	38.8164	9.36787	1
422	1.54698	20.4618	1
423	1.38403	13.2297	1
424	3.21376	13.9753	1
425	3.87992	10.0168	1
426	4.8568	15.4411	1
427	3.3518	9.11961	1
428	11.0699	13.7709	1
429	3.72698	15.728	1
430	15.8725	18.5198	1
431	12.0865	15.4016	1
432	15.5706	19.6197	1
433	16.1357	9.55995	1
434	17.3809	17.078	1
435	20.3958	14.4771	1
436	18.2398	11.6213	1
437	27.7037	14.7385	1
438	27.0032	15.5808	1
439	18.1164	14.8307	1
440	28.0424	12.0512	1
441	18.4374	16.7263	1
442	26.8159	17.536	1
443	25.8621	15.4767	1
444	30.1432	15.431	1
445	28.4101	16.8526	1
446	28.4412	19.0063	1
447	33.4544	19.1728	1
448	30.4507	18.8482	1
449	30.0882	14.2657	1
450	37.9639	14.917	1
451	2.22132	11.098	1
452	2.48134	13.1093	1
453	33.7968	6.00031	1
454	5.60596	16.3045	1
455	2.57964	15.9841	1
456	0.162004	17.7355	1
457	9.99668	18.8555	1
458	6.31655	17.1409	1
459	4.74807	12.8846	1
460	12.048	13.1563	1
461	6.19421	12.3735	1
462	9.99712	17.6849	1
463	7.22738	12.9135	1
464	4.01376	14.7189	1
465	11.0464	17.0693	1
466	18.851	15.6691	1
467	11.926	10.8661	1
468	4.88518	14.0121	1
469	13.0269	17.2092	1
470	19.2705	14.6419	1
471	24.7163	15.3481	1
472	17.522	13.916	1
473	21.772	16.3164	1
474	22.3898	17.2321	1
475	28.2312	15.7666	1
476	30.2507	16.5582	1
477	21.2788	20.451	1
478	27.3822	16.589	1
479	29.2619	16.1687	1
480	32.3202	17.554	1
481	33.0836	13.5514	1
482	32.1892	16.4258	1
483	29.4093	17.3066	1
484	37.0702	15.4993	1
485	34.164	15.246	1
486	35.1628	15.7163	1
487	36.9753	13.2025	1
488	37.3622	20.1021	1
489	0.727679	15.4404	1
490	6.09939	11.2847	1
491	8.14576	17.5391	1
492	4.16451	17.6363	1
493	7.82343	19.7682	1
494	10.1172	16.5551	1
495	3.05409	17.9399	1
496	10.0967	15.4331	1
497	10.9411	11.4609	1
498	10.1493	14.3534	1
499	16.9869	18.1617	1
500	7.15021	17.9025	1
501	18.446	19.7548	1
502	13.0077	20.5988	1
503	16.9389	14.8724	1
504	20.9567	18.3899	1
505	13.9365	13.0044	1
506	22.2759	15.2705	1
507	22.9152	16.1893	1
508	21.7555	19.3827	1
509	25.2042	16.3308	1
510	24.0038	16.2146	1
511	22.0248	18.2746	1
512	27.4069	18.5416	1
513	21.3164	17.3888	1
514	27.4616	21.9627	1
515	32.1848	15.3247	1
516	36.1649	16.168	1
517	32.4986	19.7731	1
518	34.3364	17.4705	1
519	34.4047	20.7964	1
520	37.9594	13.7251	1
521	39.2614	16.9108	1
522	33.2665	16.892	1
523	1.79693	15.2112	1
524	38.168	16.0389	1
525	4.505	16.5272	1
526	1.71818	19.3649	1
527	4.41065	24.8961	1
528	4.91765	18.4807	1
529	3.38984	16.7986	1
530	9.81876	20.0082	1
531	8.92675	19.3016	1
532	11.14	14.841	1
533	12.0153	16.5497	1
534	10.5911	22.2028	1
535	11.9872	17.6616	1
536	15.3047	20.6858	1
537	16.299	17.349	1
538	16.4258	20.3614	1
539	17.6816	15.8595	1
540	19.8831	18.6129	1
541	18.6068	13.7728	1
542	19.6798	13.5795	1
543	22.3878	20.2897	1
544	26.2953	16.5078	1
545	23.1362	18.3063	1
546	29.4376	18.4751	1
547	25.6846	17.3606	1
548	25.5774	20.8399	1
549	32.3347	25.0307	1
550	33.9213	28.8036	1
551	28.4617	21.2957	1
552	33.0276	25.8736	1
553	32.5008	20.9247	1
554	31.4197	18.1845	1
555	37.9436	12.5276	1
556	39.5396	12.4439	1
557	36.3104	18.4557	1
558	1.49994	16.2969	1
559	36.2219	17.2768	1
560	37.2924	18.9714	1
561	0.428445	16.6569	1
562	2.61252	20.0945	1
563	5.77928	19.3148	1
564	8.22121	13.4453	1
565	6.01407	18.159	1
566	10.9605	18.1648	1
567	7.98643	18.6722	1
568	13.9609	22.6368	1
569	11.2504	21.3362	1
570	14.5899	21.6359	1
571	13.2984	23.4944	1
572	10.2369	21.0339	1
573	20.1794	20.5058	1
574	17.7491	20.654	1
575	9.0367	18.1396	1
576	13.0951	14.9817	1
577	18.8222	18.6879	1
578	24.5969	21.4359	1
579	20.2392	17.4919	1
580	22.5731	22.3876	1
581	28.4404	22.4886	1
582	27.4689	20.8014	1
583	26.4514	20.3008	1
584	26.5296	22.5405	1
585	29.3774	21.9415	1
586	35.0556	28.6608	1
587	34.6593	24.6729	1
588	35.4135	20.1935	1
589	35.247	16.8123	1
590	34.7557	26.6912	1
591	33.21	15.8241	1
592	34.3592	18.5403	1
593	39.1303	18.0001	1
594	39.5992	19.9373	1
595	39.8957	18.8536	1
596	38.4954	20.2028	1
597	2.75099	19.0085	1
598	7.05494	23.5942	1
599	5.78418	22.2668	1
600	0.938861	18.5387	1
601	2.52834	25.3346	1
602	7.69117	22.7254	1
603	10.8958	20.2439	1
604	13.6622	24.6046	1
605	12.83	22.4969	1
606	15.9442	30.9628	1
607	9.86634	23.0895	1
608	17.7512	18.9231	1
609	18.9928	31.1618	1
610	19.1644	17.5977	1
611	19.5084	19.6184	1
612	19.9172	26.7176	1
613	19.6961	21.492	1
614	22.0089	21.4112	1
615	25.5076	19.7114	1
616	27.4716	23.0958	1
617	29.4848	19.5761	1
618	29.4212	20.7764	1
619	33.4558	20.3367	1
620	29.4464	25.4573	1
621	29.3657	29.0416	1
622	33.5484	24.842	1
623	36.9597	26.4441	1
624	33.6658	26.8519	1
625	38.2066	17.2134	1
626	37.2149	16.6475	1
627	36.3469	25.491	1
628	0.429765	20.7484	1
629	39.354	21.0388	1
630	5.24791	17.3961	1
631	38.5019	25.1341	1
632	0.254816	25.7369	1
633	2.93215	27.1023	1
634	2.09747	22.3816	1
635	6.89217	19.0384	1
636	7.44764	24.6685	1
637	11.1035	15.9241	1
638	8.54611	24.8234	1
639	11.0273	23.2317	1
640	11.079	29.3934	1
641	14.1193	20.6584	1
642	17.597	28.4903	1
643	13.4822	21.6177	1
644	18.1094	17.8345	1
645	12.4027	21.4749	1
646	19.0567	25.9767	1
647	23.6303	21.9577	1
648	20.8789	21.4887	1
649	28.4451	24.8945	1
650	25.5607	24.2319	1
651	26.5409	21.3987	1
652	29.3868	24.3101	1
653	28.4502	20.1873	1
654	31.0359	28.0471	1
655	31.8729	26.0445	1
656	32.8059	28.8438	1
657	28.7089	30.0148	1
658	38.7928	19.1275	1
659	1.06927	29.4827	1
660	35.3382	17.9631	1
661	34.3728	27.7614	1
662	35.295	25.6033	1
663	38.0561	18.3025	1
664	35.3667	19.1089	1
665	35.4699	21.3025	1
666	1.21247	21.5587	1
667	5.87067	26.2394	1
668	2.3051	21.2418	1
669	8.12181	23.7979	1
670	7.32488	16.7958	1
671	5.17934	24.0905	1
672	11.7116	22.3139	1
673	11.4307	24.2527	1
674	9.63235	24.9826	1
675	20.9357	23.3855	1
676	18.0015	26.2895	1
677	10.6798	25.1608	1
678	20.3325	22.4624	1
679	18.6395	21.6623	1
680	18.641	28.1624	1
681	23.539	20.8448	1
682	25.6316	21.9858	1
683	24.5408	17.1952	1
684	27.485	24.2239	1
685	23.0944	26.769	1
686	25.4807	29.0737	1
687	24.6169	24.8046	1
688	27.4916	19.6452	1
689	24.2226	26.464	1
690	29.8657	28.1135	1
691	30.3808	27.0703	1
692	34.1685	25.7546	1
693	32.5824	26.9005	1
694	35.1517	30.6472	1
695	37.416	25.3866	1
696	33.59	31.7222	1
697	38.4315	28.1464	1
698	36.3608	19.5448	1
699	35.8386	26.5411	1
700	5.33204	28.2135	1
701	38.1058	26.2751	1
702	6.27651	24.3733	1
703	3.27614	24.5491	1
704	4.88938	23.0146	1
705	5.99968	23.3319	1
706	12.5695	24.4428	1
707	9.15962	29.9354	1
708	14.1337	30.618	1
709	16.4966	28.8548	1
710	16.715	27.7348	1
711	16.7646	31.7526	1
712	17.7911	27.4352	1
713	14.5052	23.7182	1
714	19.1908	30.0694	1
715	18.8724	27.0377	1
716	23.6761	23.0756	1
717	20.651	19.4752	1
718	23.4735	17.1841	1
719	24.6109	22.547	1
720	24.6063	20.3345	1
721	23.0276	30.8736	1
722	26.5319	24.7711	1
723	27.6263	28.1166	1
724	25.5254	23.1398	1
725	26.5211	23.6473	1
726	32.1618	27.9512	1
727	28.1392	27.0687	1
728	31.5066	27.0574	1
729	33.812	23.8004	1
730	36.4556	30.4828	1
731	39.9317	26.8183	1
732	0.687468	19.7433	1
733	38.8006	27.0856	1
734	3.60775	25.6785	1
735	3.31254	28.9172	1
736	1.38277	25.5245	1
737	6.21015	27.4051	1
738	2.77046	23.4129	1
739	6.65751	25.4301	1
740	4.02529	23.7134	1
741	12.1821	23.3954	1
742	10.3452	24.1408	1
743	8.86503	25.8425	1
744	12.9912	25.5129	1
745	17.3482	29.5957	1
746	20.5287	28.5894	1
747	18.4724	33.4125	1
748	17.0718	30.686	1
749	17.882	31.5284	1
750	23.6489	24.3191	1
751	24.6872	28.3209	1
752	24.5843	23.6713	1
753	23.8328	27.6023	1
754	21.448	22.447	1
755	21.8671	27.1548	1
756	23.8591	31.6747	1
757	21.3744	29.2996	1
758	29.2641	27.0541	1
759	27.0449	29.1056	1
760	34.5307	29.721	1
761	31.7877	30.8497	1
762	31.1249	29.9521	1
763	39.566	27.9106	1
764	36.1896	28.58	1
765	35.6599	29.5966	1
766	34.4153	19.6435	1
767	33.2397	27.8635	1
768	36.3819	20.671	1
769	2.12621	26.3744	1
770	6.52234	28.3848	1
771	8.75191	28.8906	1
772	3.97719	26.7225	1
773	4.75305	25.9459	1
774	8.42124	27.7837	1
775	2.11235	24.2937	1
776	7.75097	25.7202	1
777	9.21543	23.9703	1
778	8.79508	22.9163	1
779	19.0452	20.6308	1
780	18.3807	29.2794	1
781	19.4473	38.7773	1
782	20.8473	31.5679	1
783	18.7171	32.2852	1
784	19.505	28.969	1
785	20.8262	27.5056	1
786	21.6195	28.2335	1
787	19.7158	27.8084	1
788	20.0476	30.7985	1
789	21.6865	32.3061	1
790	20.3216	29.6996	1
791	28.2205	29.0808	1
792	21.9359	31.2049	1
793	22.4679	33.0987	1
794	28.45	23.7159	1
795	32.2967	29.8229	1
796	25.2365	30.2818	1
797	36.4996	32.4682	1
798	34.0695	30.7521	1
799	34.7454	31.6662	1
800	39.7133	33.8578	1
801	39.1922	25.997	1
802	1.00178	26.5758	1
803	0.248948	28.7211	1
804	2.19633	29.2076	1
805	4.96448	27.0861	1
806	9.50408	28.0627	1
807	1.40619	28.4519	1
808	3.78586	27.9099	1
809	1.97508	18.2006	1
810	7.34069	27.5988	1
811	5.47086	25.1494	1
812	12.5481	30.7487	1
813	11.772	28.5388	1
814	11.7625	25.3413	1
815	15.7209	32.1205	1
816	16.9102	35.8898	1
817	16.2944	29.9389	1
818	23.7185	25.4633	1
819	20.3356	33.7956	1
820	26.2692	29.9561	1
821	27.4953	25.4397	1
822	23.32	29.7879	1
823	19.7804	31.9467	1
824	20.1174	34.9532	1
825	21.4319	33.4561	1
826	25.8674	36.5477	1
827	24.3548	33.6289	1
828	28.7563	28.1024	1
829	29.5456	32.7472	1
830	30.211	31.8927	1
831	31.3333	31.8196	1
832	37.6236	30.3737	1
833	32.9421	30.8059	1
834	36.8683	29.474	1
835	37.0932	31.4861	1
836	36.7744	33.5291	1
837	36.5892	27.5131	1
838	39.1544	28.9723	1
839	4.47075	28.9563	1
840	39.9603	29.7906	1
841	9.15566	26.9852	1
842	7.63018	28.638	1
843	1.76586	27.3914	1
844	10.2601	30.2051	1
845	11.7581	31.5748	1
846	13.2776	29.9076	1
847	15.0234	35.4329	1
848	11.4262	30.4232	1
849	12.3436	33.7815	1
850	6.94704	26.509	1
851	12.8258	31.9107	1
852	18.1311	30.4195	1
853	22.2058	30.1342	1
854	21.3246	38.4058	1
855	19.5762	33.0327	1
856	23.5954	28.6914	1
857	21.15	30.4115	1
858	22.754	27.9648	1
859	19.2563	34.2056	1
860	26.5694	33.5368	1
861	24.4099	29.4578	1
862	30.4837	29.031	1
863	35.452	32.6951	1
864	28.4756	25.9955	1
865	30.7735	34.5908	1
866	33.3917	29.8056	1
867	30.5845	30.9224	1
868	35.911	31.4411	1
869	35.4664	27.6393	1
870	38.0151	29.2441	1
871	0.664569	27.6569	1
872	6.94793	29.4644	1
873	5.10388	30.0695	1
874	6.6123	31.4033	1
875	6.96642	32.4994	1
876	3.65861	30.9448	1
877	2.55198	1.55057	1
878	0.107554	36.047	1
879	7.33096	30.5736	1
880	10.6319	31.2988	1
881	9.93079	26.0527	1
882	8.44697	30.7993	1
883	9.08926	32.9199	1
884	15.2649	34.3236	1
885	17.392	33.6514	1
886	6.14393	38.0805	1
887	13.9081	31.7175	1
888	14.7128	32.4793	1
889	15.5275	33.253	1
890	14.9198	31.347	1
891	19.896	36.0578	1
892	20.3132	38.0655	1
893	20.64	32.6498	1
894	19.6098	37.1676	1
895	20.9916	35.7578	1
896	25.1703	37.3839	1
897	29.917	30.0434	1
898	32.5993	33.8684	1
899	32.0604	32.8245	1
900	24.1087	30.5147	1
901	37.7709	33.9882	1
902	34.156	36.7457	1
903	37.6771	27.2836	1
904	38.7424	30.1084	1
905	37.6539	32.7977	1
906	32.0522	35.9399	1
907	0.75869	30.5957	1
908	5.80309	29.2454	1
909	38.7737	34.5882	1
910	6.20768	30.3212	1
911	7.57495	34.6855	1
912	4.2582	38.1837	1
913	2.56506	31.1578	1
914	5.23669	38.7176	1
915	10.9937	32.3866	1
916	8.02541	26.7802	1
917	9.89469	29.1362	1
918	9.92473	32.1412	1
919	10.4781	34.292	1
920	13.555	32.7771	1
921	13.0236	34.8918	1
922	13.4117	33.8781	1
923	16.3543	33.9961	1
924	12.9559	28.8322	1
925	15.1388	30.22	1
926	16.5972	32.8597	1
927	21.1705	34.6492	1
928	19.0629	35.2894	1
929	22.1381	37.5464	1
930	23.5304	32.7807	1
931	24.3183	38.1744	1
932	22.4761	29.0559	1
933	33.1802	32.7989	1
934	31.6294	28.9655	1
935	24.7258	32.5775	1
936	23.3171	33.9169	1
937	36.903	34.6659	1
938	38.9889	35.6849	1
939	28.2623	34.5968	1
940	35.8407	34.1455	1
941	34.7548	33.7475	1
942	35.9494	35.4004	1
943	3.96574	29.9054	1
944	8.0325	29.7268	1
945	2.59064	28.1116	1
946	0.818165	34.4731	1
947	7.69723	31.6135	1
948	12.0527	32.6844	1
949	6.38778	0.287757	1
950	9.51921	31.0619	1
951	8.01136	32.6778	1
952	10.2162	33.2264	1
953	9.3872	34.0392	1
954	14.4711	33.5292	1
955	7.48049	3.05955	1
956	17.1529	34.74	1
957	11.2593	33.4719	1
958	16.6218	36.998	1
959	14.1488	38.6204	1
960	16.0981	35.0832	1
961	18.8341	36.3834	1
962	22.6979	39.6493	1
963	18.2009	34.5646	1
964	23.4947	38.9074	1
965	24.895	34.589	1
966	27.7602	0.599603	1
967	22.7935	31.9237	1
968	25.9544	34.5022	1
969	27.5922	30.002	1
970	32.5138	31.7729	1
971	27.7461	33.5905	1
972	28.9008	33.6262	1
973	31.6621	0.0876399	1
974	33.0988	36.3079	1
975	32.9565	35.2287	1
976	39.6839	32.7141	1
977	38.6723	33.3871	1
978	2.86475	30.0955	1
979	12.1826	29.6296	1
980	32.2721	37.0567	1
981	2.34378	38.12	1
982	0.242627	37.2501	1
983	4.23045	35.939	1
984	0.337767	38.3468	1
985	15.6142	37.2728	1
986	7.55595	1.83734	1
987	5.30045	39.7956	1
988	5.44828	0.867102	1
989	14.2125	34.6261	1
990	14.5512	37.5837	1
991	14.7713	36.4897	1
992	17.0665	38.9469	1
993	13.9458	35.7212	1
994	19.9599	1.2236	1
995	24.9843	1.57576	1
996	19.7677	0.0271526	1
997	17.7591	36.7693	1
998	25.4593	33.5195	1
999	24.9206	31.4524	1
1000	26.5009	35.4461	1
1001	26.934	1.38587	1
1002	25.4238	35.5671	1
1003	30.8697	32.797	1
1004	31.406	33.7245	1
1005	25.4209	38.5471	1
1006	30.16	36.2271	1
1007	34.2599	32.6596	1
1008	32.3722	38.1898	1
1009	22.9953	36.7398	1
1010	33.3049	37.4247	1
1011	7.2698	33.557	1
1012	34.8819	34.8462	1
1013	37.908	35.22	1
1014	38.1034	36.3046	1
1015	33.7823	34.4617	1
1016	1.80014	30.2917	1
1017	39.836	34.9467	1
1018	4.26722	37.0343	1
1019	4.23092	39.2976	1
1020	4.48952	1.47206	1
1021	8.35531	33.8677	1
1022	15.8401	36.1378	1
1023	20.8046	0.4344	1
