0	33.7886	35.3727	1
1	38.1845	39.7572	1
2	1.1163	0.0458441	1
3	4.71282	36.533	1
4	5.70975	39.3595	1
5	0.246574	0.706877	1
6	6.68531	38.8108	1
7	12.7087	5.71316	1
8	17.9292	39.726	1
9	3.34041	2.14914	1
10	18.524	37.4718	1
11	19.0287	39.3655	1
12	15.1942	38.265	1
13	17.9675	35.6661	1
14	13.4603	3.67982	1
15	15.6487	0.313218	1
16	16.0431	39.1251	1
17	21.7982	39.8789	1
18	22.2874	34.2912	1
19	26.2862	37.5619	1
20	25.7731	39.7119	1
21	26.8338	0.224225	1
22	29.4037	30.9063	1
23	26.3414	3.16416	1
24	27.3945	37.6016	1
25	29.9529	33.6955	1
26	27.0968	34.7072	1
27	31.3903	37.776	1
28	30.3508	37.4041	1
29	27.6254	35.6934	1
30	33.7235	39.5975	1
31	30.9001	35.5914	1
32	35.1779	36.7958	1
33	1.94397	39.3887	1
34	38.8934	6.75985	1
35	6.29232	1.53995	1
36	2.74929	37.6813	1
37	8.77334	32.0926	1
38	8.87574	6.99436	1
39	5.37109	4.38467	1
40	4.49318	6.0836	1
41	4.37963	2.73821	1
42	16.3585	38.0734	1
43	8.25336	2.58196	1
44	7.45201	5.46457	1
45	17.4627	37.852	1
46	18.1944	38.6028	1
47	9.20487	2.07131	1
48	17.2521	3.17023	1
49	14.6419	5.26819	1
50	16.1179	1.55371	1
51	24.7	39.3143	1
52	21.7624	36.5546	1
53	20.7057	36.8619	1
54	26.1491	2.00164	1
55	29.2303	36.9773	1
56	22.3729	38.548	1
57	23.0969	1.84729	1
58	24.174	2.27398	1
59	24.2567	3.39513	1
60	26.9949	36.5949	1
61	29.5544	38.1561	1
62	29.073	1.04947	1
63	39.3647	1.33416	1
64	34.4203	37.6892	1
65	31.6988	34.7698	1
66	39.0859	39.1168	1
67	35.6626	37.8081	1
68	0.502467	33.2565	1
69	38.9088	38.0096	1
70	32.6866	39.2017	1
71	39.3652	2.4586	1
72	1.45175	4.58992	1
73	2.74196	36.5675	1
74	3.38662	3.29026	1
75	5.33393	2.14485	1
76	39.5066	4.72045	1
77	7.23142	0.973558	1
78	13.6988	39.6777	1
79	6.357	3.77152	1
80	11.9817	8.60781	1
81	20.1493	39.0046	1
82	15.0429	1.28631	1
83	14.5476	0.365295	1
84	14.4081	3.06797	1
85	15.4131	3.42856	1
86	16.7231	6.07803	1
87	23.6235	37.7791	1
88	22.9888	0.728226	1
89	22.1589	4.59704	1
90	17.4366	4.32069	1
91	27.2427	2.47463	1
92	29.9721	0.42111	1
93	22.1973	3.5037	1
94	25.9252	0.868675	1
95	30.5595	38.5806	1
96	30.3735	3.7887	1
97	28.6733	38.8403	1
98	28.0952	36.7258	1
99	0.787788	37.7838	1
100	36.8731	38.1167	1
101	28.6294	5.0979	1
102	37.3722	1.50241	1
103	38.7289	36.8339	1
104	38.4525	3.09154	1
105	4.74723	37.6599	1
106	31.1481	36.6377	1
107	1.26886	1.11416	1
108	1.7754	37.2276	1
109	2.44767	2.7962	1
110	0.912104	9.50513	1
111	6.47378	4.96369	1
112	3.41788	4.41305	1
113	8.28901	1.48117	1
114	13.8001	6.03574	1
115	14.8208	6.47874	1
116	16.764	39.9484	1
117	16.2748	2.71866	1
118	17.1258	2.03635	1
119	21.1621	2.92417	1
120	18.1361	2.46713	1
121	21.1034	1.69591	1
122	18.2547	3.57903	1
123	19.1475	1.89657	1
124	15.2776	2.32651	1
125	24.8903	0.458784	1
126	20.2341	3.47306	1
127	23.2187	2.96356	1
128	26.5571	4.2072	1
129	30.7451	39.6543	1
130	28.4554	9.15351	1
131	34.2459	2.94452	1
132	31.0142	0.769351	1
133	28.4796	37.7806	1
134	34.8684	35.7506	1
135	36.5697	4.48936	1
136	33.3761	3.6229	1
137	39.2005	0.256838	1
138	38.3933	1.98235	1
139	38.3492	7.77016	1
140	1.38995	2.27964	1
141	0.116034	39.5935	1
142	3.4742	5.49428	1
143	2.87965	38.7885	1
144	1.46074	3.43876	1
145	2.41494	3.96129	1
146	8.48614	5.98389	1
147	11.517	34.7854	1
148	4.43248	4.94779	1
149	15.0103	39.376	1
150	7.40106	4.28517	1
151	13.5539	4.9142	1
152	15.6189	5.71154	1
153	16.3783	3.85296	1
154	16.2231	7.86151	1
155	15.5232	4.54635	1
156	24.0086	1.15583	1
157	18.724	0.462978	1
158	23.851	0.0229241	1
159	28.3117	2.84885	1
160	29.2033	2.20121	1
161	29.6775	39.2793	1
162	28.8596	39.9808	1
163	30.0089	11.9383	1
164	31.5872	38.8752	1
165	28.777	6.17022	1
166	28.1431	1.67831	1
167	30.5471	4.82632	1
168	30.7478	5.92615	1
169	30.3069	2.66567	1
170	29.9731	6.66288	1
171	33.5014	38.484	1
172	38.4668	4.18838	1
173	37.9959	38.6063	1
174	0.555779	5.27162	1
175	39.3662	10.6701	1
176	0.360516	1.81297	1
177	6.33645	2.62776	1
178	3.33617	1.01788	1
179	4.37872	3.83808	1
180	14.4793	4.17696	1
181	10.8934	9.19045	1
182	8.9986	9.26247	1
183	39.401	3.63687	1
184	6.53248	6.1219	1
185	14.1077	1.92924	1
186	8.35932	4.85918	1
187	13.031	9.2204	1
188	16.5781	4.99823	1
189	26.0363	12.5747	1
190	14.0119	8.41427	1
191	18.9381	9.44453	1
192	21.9196	6.98716	1
193	17.8279	6.28846	1
194	19.2214	3.01793	1
195	27.6914	5.83947	1
196	27.4341	3.5984	1
197	28.4681	3.96348	1
198	30.5388	9.90981	1
199	32.8115	10.322	1
200	29.4126	3.33522	1
201	28.674	10.3241	1
202	37.1171	39.2463	1
203	35.5157	4.39717	1
204	34.4027	4.09016	1
205	31.0589	7.01655	1
206	31.8598	6.26753	1
207	37.4141	2.60799	1
208	39.0796	8.74821	1
209	38.2515	0.815356	1
210	33.9474	6.92963	1
211	37.9235	8.86177	1
212	0.594942	6.41372	1
213	0.459548	10.4664	1
214	2.39576	5.06533	1
215	3.58153	6.6312	1
216	11.758	6.32067	1
217	10.0913	10.9227	1
218	7.57518	6.54471	1
219	8.3006	3.66019	1
220	8.05017	9.81247	1
221	5.37267	3.27552	1
222	10.89	8.07626	1
223	9.97449	9.74413	1
224	15.8887	6.84503	1
225	20.7697	13.4195	1
226	19.1861	4.14062	1
227	18.9475	6.41439	1
228	21.6323	14.1239	1
229	19.0207	5.26999	1
230	28.0416	7.022	1
231	22.0744	5.79286	1
232	30.1518	1.56954	1
233	29.4717	9.57173	1
234	28.2471	8.06206	1
235	31.2021	13.7383	1
236	31.6131	5.15441	1
237	31.2803	8.11328	1
238	29.0745	7.32572	1
239	29.333	8.46845	1
240	33.4838	4.7835	1
241	36.4237	3.3353	1
242	32.701	5.52126	1
243	37.4239	3.74099	1
244	39.5518	5.86521	1
245	0.467821	4.1139	1
246	39.8066	9.58798	1
247	0.347798	2.99223	1
248	7.98192	8.73511	1
249	2.39113	8.28757	1
250	9.8859	7.57405	1
251	8.90115	8.14993	1
252	9.1436	13.7594	1
253	6.08499	9.98728	1
254	13.9043	7.2252	1
255	9.89774	8.66181	1
256	12.9217	7.97297	1
257	17.544	8.18639	1
258	12.8016	6.83808	1
259	17.4803	11.1779	1
260	27.1904	7.6967	1
261	24.2231	14.3632	1
262	18.623	8.38997	1
263	20.2305	4.57169	1
264	23.0987	5.2686	1
265	20.1139	2.33273	1
266	24.074	4.65609	1
267	22.91	6.48741	1
268	27.087	12.8277	1
269	30.3569	8.82782	1
270	31.208	14.8378	1
271	29.1057	12.5351	1
272	37.2307	0.376761	1
273	35.9369	11.748	1
274	29.5335	4.48379	1
275	32.1415	7.43267	1
276	36.8999	12.3096	1
277	36.1074	14.017	1
278	38.346	10.7316	1
279	31.4378	4.05836	1
280	1.12947	14.2714	1
281	2.58543	6.09446	1
282	1.5459	7.0716	1
283	39.4475	7.69835	1
284	3.01472	11.9887	1
285	6.99852	9.31686	1
286	1.25661	8.4211	1
287	12.041	11.9759	1
288	10.8489	6.92894	1
289	8.13176	10.9801	1
290	8.15729	12.1161	1
291	5.0559	9.60862	1
292	18.2536	7.36997	1
293	12.9795	11.4075	1
294	20.4051	10.6828	1
295	19.3385	10.4794	1
296	21.2486	15.1604	1
297	18.879	12.6548	1
298	20.0859	5.6038	1
299	22.1013	2.36797	1
300	21.1825	4.01722	1
301	21.143	5.18397	1
302	23.1646	4.06997	1
303	27.803	10.9984	1
304	30.151	7.74587	1
305	33.0214	11.3758	1
306	31.1095	12.5658	1
307	32.1722	14.2592	1
308	37.5358	10.0683	1
309	37.1121	14.5476	1
310	34.597	5.15992	1
311	32.4816	4.40121	1
312	0.0522509	11.5879	1
313	36.724	9.28106	1
314	37.1416	8.113	1
315	2.19861	14.0752	1
316	38.8899	11.7484	1
317	6.95756	8.22571	1
318	1.57096	10.3645	1
319	1.54793	5.7638	1
320	2.74172	10.1584	1
321	2.21826	0.47812	1
322	11.0879	12.6055	1
323	12.1056	14.2574	1
324	14.9698	7.54886	1
325	13.0534	15.9744	1
326	9.03402	10.3847	1
327	12.8777	10.3112	1
328	17.6924	12.9135	1
329	19.2924	7.54193	1
330	18.1871	10.3507	1
331	27.3141	13.8475	1
332	23.5965	15.2874	1
333	20.0585	9.60705	1
334	20.0128	6.72599	1
335	27.3954	8.77801	1
336	21.0603	6.29861	1
337	27.6032	4.68567	1
338	30.1347	13.0992	1
339	29.6939	5.55594	1
340	33.0911	12.4594	1
341	33.3693	18.0022	1
342	32.1026	13.0661	1
343	37.5609	11.4544	1
344	34.0331	11.8567	1
345	35.0222	12.371	1
346	2.96563	14.8806	1
347	33.9119	10.7273	1
348	3.75096	12.8276	1
349	0.570497	7.56832	1
350	34.8152	6.26317	1
351	1.12912	11.3423	1
352	0.178979	8.57694	1
353	4.16748	8.87202	1
354	2.64137	7.1595	1
355	1.96805	9.30124	1
356	5.20865	11.5743	1
357	4.60758	10.7087	1
358	9.1451	11.5058	1
359	10.1051	12.1116	1
360	9.24418	16.9647	1
361	11.0285	10.3499	1
362	11.9043	9.72066	1
363	16.4272	19.2416	1
364	17.1006	7.08285	1
365	19.7062	8.54663	1
366	26.567	14.6866	1
367	20.8414	7.46572	1
368	25.4397	14.5018	1
369	25.2617	2.66407	1
370	26.8851	11.7637	1
371	28.9141	11.4387	1
372	26.3528	8.42346	1
373	28.2082	13.1976	1
374	31.4158	9.16178	1
375	29.1703	13.643	1
376	29.7461	10.6805	1
377	31.2554	15.9191	1
378	32.109	11.9543	1
379	35.1934	14.59	1
380	34.9755	11.261	1
381	34.0334	12.9968	1
382	4.11351	11.784	1
383	35.9935	12.8923	1
384	39.6058	15.5807	1
385	36.2653	15.2082	1
386	0.719271	12.3906	1
387	3.42264	10.9672	1
388	5.94018	8.82944	1
389	7.19494	11.5388	1
390	2.35166	16.9994	1
391	7.87903	7.58786	1
392	12.9685	12.5531	1
393	7.14795	10.4518	1
394	9.16475	12.634	1
395	10.113	13.1963	1
396	17.8557	9.2934	1
397	13.0247	13.6964	1
398	11.8662	7.48736	1
399	17.0437	10.0812	1
400	19.655	11.5405	1
401	25.1188	13.4054	1
402	19.4308	16.6207	1
403	27.6092	9.87238	1
404	24.9244	12.3211	1
405	26.4871	9.53929	1
406	26.2073	13.6257	1
407	26.7391	10.6663	1
408	30.4778	17.7187	1
409	28.5225	17.9827	1
410	20.013	12.5921	1
411	31.3753	17.0158	1
412	32.4551	18.6213	1
413	33.1858	14.753	1
414	34.2986	16.3381	1
415	35.0514	13.4569	1
416	34.1289	14.1003	1
417	37.2473	17.8404	1
418	1.86102	12.169	1
419	32.9088	6.53793	1
420	1.31534	17.3579	1
421	38.7191	9.75376	1
422	1.45554	20.2813	1
423	1.54534	13.2131	1
424	3.307	13.8608	1
425	3.88305	9.90737	1
426	4.88483	15.4623	1
427	3.07654	9.09748	1
428	11.1349	13.7244	1
429	3.77412	15.7461	1
430	15.7899	18.3058	1
431	12.1382	15.3654	1
432	15.5155	19.8632	1
433	16.7149	8.94377	1
434	17.1632	16.9833	1
435	20.3653	14.4998	1
436	18.6045	11.3993	1
437	27.6809	14.9556	1
438	26.943	15.7153	1
439	18.1088	14.8749	1
440	27.9956	12.0876	1
441	18.3571	16.8149	1
442	26.6973	17.6889	1
443	25.828	15.5111	1
444	30.2476	15.4474	1
445	28.4793	16.9117	1
446	28.5446	19.0888	1
447	33.4059	19.1108	1
448	30.5395	18.868	1
449	30.1413	14.2767	1
450	38.1188	15.0575	1
451	2.27839	11.1555	1
452	2.62693	13.0014	1
453	33.7382	5.86289	1
454	5.61461	16.3352	1
455	2.65	15.9412	1
456	0.219758	17.5162	1
457	10.081	18.7561	1
458	6.43305	17.1716	1
459	4.93465	12.6773	1
460	12.0489	13.1677	1
461	6.1675	12.1168	1
462	10.1639	17.6348	1
463	7.17793	12.6063	1
464	4.08431	14.645	1
465	11.1282	17.1209	1
466	18.8404	15.7464	1
467	11.9767	10.9156	1
468	4.47305	13.6707	1
469	13.0177	17.1132	1
470	19.2424	14.6474	1
471	24.7339	15.3775	1
472	17.4024	14.043	1
473	21.7255	16.1751	1
474	22.2891	17.1145	1
475	28.0932	15.9545	1
476	30.332	16.5739	1
477	21.181	20.2096	1
478	27.3471	16.7859	1
479	29.2508	16.1611	1
480	32.3637	17.5681	1
481	33.118	13.6133	1
482	32.3582	16.4797	1
483	29.4837	17.2675	1
484	37.2165	15.6831	1
485	34.1898	15.228	1
486	35.2675	15.7425	1
487	37.0031	13.4106	1
488	37.328	20.0202	1
489	0.809696	15.3463	1
490	6.21127	11.0345	1
491	8.27291	17.4192	1
492	4.26618	17.7167	1
493	7.93438	19.6524	1
494	10.2157	16.47	1
495	3.1302	17.8109	1
496	10.1362	15.37	1
497	11.0478	11.4713	1
498	10.1538	14.2943	1
499	16.795	18.0457	1
500	7.25866	17.8587	1
501	18.1838	19.7089	1
502	13.1895	20.5373	1
503	17.0035	15.0979	1
504	20.8148	18.3023	1
505	13.9748	12.9441	1
506	22.3355	15.1489	1
507	22.8743	16.1787	1
508	21.5354	19.1765	1
509	25.12	16.3976	1
510	24.0413	16.2803	1
511	21.8624	18.1169	1
512	27.5552	18.4519	1
513	21.1907	17.1751	1
514	27.5562	21.8716	1
515	32.2873	15.341	1
516	36.2127	16.2792	1
517	32.4783	19.7227	1
518	34.296	17.4401	1
519	34.4403	20.821	1
520	38.0852	13.779	1
521	39.3242	16.7431	1
522	33.3148	16.9532	1
523	1.89271	15.1061	1
524	38.2505	16.1716	1
525	4.57087	16.6047	1
526	1.72235	19.1831	1
527	4.37917	25.1872	1
528	5.07058	18.5394	1
529	3.46315	16.7914	1
530	9.88452	19.8349	1
531	8.97561	19.1933	1
532	11.1039	14.8254	1
533	12.0818	16.5538	1
534	10.5728	22.068	1
535	12.0571	17.7243	1
536	15.421	20.9835	1
537	16.1108	17.1142	1
538	16.5119	20.3979	1
539	17.7108	15.979	1
540	19.7394	18.5487	1
541	18.531	13.7973	1
542	19.6203	13.6325	1
543	22.2973	20.1323	1
544	26.2797	16.6197	1
545	22.9029	18.1715	1
546	29.5366	18.4499	1
547	25.602	17.3996	1
548	25.5235	20.8612	1
549	32.348	24.879	1
550	33.8223	28.7286	1
551	28.5873	21.2604	1
552	33.0547	25.8501	1
553	32.3306	20.8081	1
554	31.454	18.2515	1
555	38.0429	12.5474	1
556	39.6662	12.6393	1
557	36.3276	18.4884	1
558	1.50888	16.2431	1
559	36.2431	17.3835	1
560	37.3193	18.9446	1
561	0.472107	16.497	1
562	2.47682	19.9717	1
563	5.90561	19.3191	1
564	8.16183	13.2348	1
565	6.17256	18.2097	1
566	11.0838	18.2485	1
567	8.12005	18.5646	1
568	13.8856	22.659	1
569	11.2505	21.2111	1
570	14.6699	21.8245	1
571	13.1894	23.4949	1
572	10.0909	20.9604	1
573	19.9845	20.414	1
574	17.6614	20.783	1
575	9.19884	18.0962	1
576	13.2316	14.8311	1
577	18.6219	18.6708	1
578	24.5432	21.4189	1
579	20.0914	17.4944	1
580	22.5141	22.0631	1
581	28.5327	22.4861	1
582	27.5686	20.7826	1
583	26.4403	20.2777	1
584	26.5482	22.5535	1
585	29.5979	21.8558	1
586	34.9398	28.6229	1
587	34.6423	24.6987	1
588	35.3651	20.1877	1
589	35.2872	16.8367	1
590	34.8262	26.6676	1
591	33.3083	15.8437	1
592	34.3383	18.5767	1
593	39.1684	17.8307	1
594	39.4381	19.797	1
595	39.8654	18.6181	1
596	38.3091	20.5644	1
597	2.88294	18.9439	1
598	6.9018	23.7445	1
599	5.42707	22.3716	1
600	0.936495	18.3511	1
601	2.5234	25.8686	1
602	7.43125	22.7111	1
603	10.9244	20.0759	1
604	13.5708	24.6113	1
605	12.8028	22.4965	1
606	16.0968	31.0344	1
607	9.78018	23.0171	1
608	17.5138	18.8482	1
609	19.08	31.1542	1
610	19.0509	17.6766	1
611	19.3094	19.5816	1
612	20.156	26.782	1
613	19.6369	21.4836	1
614	21.7983	21.1431	1
615	25.4111	19.8083	1
616	27.5356	23.0772	1
617	29.5197	19.5649	1
618	29.5482	20.7119	1
619	33.3689	20.3505	1
620	29.9046	25.9397	1
621	29.3038	28.9044	1
622	33.4938	24.843	1
623	37.0534	26.492	1
624	33.7307	26.7651	1
625	38.232	17.2599	1
626	37.2514	16.7716	1
627	36.3906	25.6243	1
628	0.354927	20.5028	1
629	39.3298	20.9175	1
630	5.34275	17.485	1
631	38.6838	25.3493	1
632	0.426269	26.2012	1
633	3.21108	28.0139	1
634	1.87245	22.2016	1
635	7.02332	18.9886	1
636	7.26222	24.7715	1
637	11.1713	15.9708	1
638	8.43629	24.8867	1
639	10.9206	23.1082	1
640	11.0808	29.5792	1
641	14.2981	20.7715	1
642	17.7166	28.5394	1
643	13.5199	21.6027	1
644	17.9357	17.832	1
645	12.3977	21.4015	1
646	19.3269	26.015	1
647	23.604	22.021	1
648	20.7097	21.2304	1
649	28.5547	24.6936	1
650	25.594	24.2409	1
651	26.5414	21.3702	1
652	29.7112	24.8432	1
653	28.5211	20.1922	1
654	30.9777	27.8758	1
655	31.9587	25.959	1
656	32.6837	28.7895	1
657	28.8613	29.9355	1
658	38.3566	19.4736	1
659	0.787989	30.0378	1
660	35.2707	17.9719	1
661	34.2968	27.6903	1
662	35.3006	25.6547	1
663	38.2174	18.3724	1
664	35.338	19.019	1
665	35.4867	21.331	1
666	1.08069	21.393	1
667	5.87076	26.4412	1
668	2.1702	21.11	1
669	8.0048	23.8573	1
670	7.46529	16.6567	1
671	5.02945	24.3514	1
672	11.6792	22.2783	1
673	11.3608	24.192	1
674	9.53284	24.9567	1
675	21.1983	23.317	1
676	18.1965	26.4172	1
677	10.6704	25.0513	1
678	20.3326	22.4002	1
679	18.4241	21.7756	1
680	18.7827	28.2479	1
681	22.9507	21.0568	1
682	25.5491	21.9841	1
683	24.4753	17.3141	1
684	27.545	24.2229	1
685	23.0537	26.9063	1
686	25.6219	29.0696	1
687	24.658	24.7974	1
688	27.4823	19.6437	1
689	24.0846	26.4253	1
690	29.8132	27.9396	1
691	30.3509	26.9407	1
692	34.1669	25.7145	1
693	32.5577	26.8627	1
694	35.129	30.5773	1
695	37.55	25.458	1
696	33.455	31.6631	1
697	38.3826	28.2399	1
698	36.326	19.5767	1
699	35.9467	26.6173	1
700	5.58089	28.2922	1
701	38.1654	26.3671	1
702	6.18888	24.5878	1
703	3.25536	25.0016	1
704	4.70969	23.2625	1
705	5.8812	23.3998	1
706	12.5048	24.3794	1
707	9.25386	30.1275	1
708	14.2771	30.5812	1
709	16.6478	28.8536	1
710	16.8359	27.7606	1
711	16.9297	31.7819	1
712	17.9487	27.4844	1
713	14.2658	23.6843	1
714	19.349	30.0804	1
715	19.0685	27.1289	1
716	23.5714	23.1336	1
717	20.4472	19.4051	1
718	23.4231	17.1607	1
719	24.5464	22.5645	1
720	24.4239	20.3151	1
721	23.1345	31.0062	1
722	26.5664	24.7936	1
723	27.5831	27.9037	1
724	25.5319	23.1148	1
725	26.5778	23.6147	1
726	32.0754	27.8644	1
727	28.0229	26.5957	1
728	31.4461	26.9288	1
729	33.9161	23.8432	1
730	36.2872	30.4683	1
731	39.9581	27.1909	1
732	0.584841	19.437	1
733	38.8517	27.2787	1
734	3.56263	26.1121	1
735	3.69584	29.0247	1
736	1.41541	25.6684	1
737	6.32666	27.4841	1
738	2.84468	23.9623	1
739	6.57019	25.6242	1
740	3.92494	24.0316	1
741	12.0273	23.3697	1
742	10.2494	24.0042	1
743	8.84046	25.8869	1
744	12.8469	25.4043	1
745	17.4784	29.6106	1
746	20.7214	28.7005	1
747	18.5229	33.3033	1
748	17.206	30.7558	1
749	17.9922	31.5594	1
750	23.608	24.287	1
751	24.7675	28.3205	1
752	24.636	23.6986	1
753	23.9065	27.6507	1
754	21.4121	22.1705	1
755	22.0166	27.2198	1
756	23.9616	31.8013	1
757	21.5365	29.4143	1
758	29.1973	26.8696	1
759	27.1344	28.9866	1
760	34.4743	29.654	1
761	31.667	30.819	1
762	31.1124	29.8281	1
763	39.5136	28.1871	1
764	36.0878	28.5061	1
765	35.6623	29.4804	1
766	34.3467	19.6991	1
767	33.1695	27.7631	1
768	36.3511	20.672	1
769	2.86544	26.9986	1
770	6.62615	28.5348	1
771	8.93293	29.0186	1
772	4.04475	27.1489	1
773	4.62942	26.2325	1
774	8.52909	27.8637	1
775	2.11628	24.8119	1
776	7.72512	25.7864	1
777	9.12613	23.9248	1
778	8.61953	22.9722	1
779	18.8929	20.6285	1
780	18.5398	29.3339	1
781	19.2972	38.2926	1
782	20.9336	31.5877	1
783	18.8676	32.243	1
784	19.6252	28.9857	1
785	20.9356	27.5703	1
786	21.7656	28.3256	1
787	19.8405	27.8626	1
788	20.096	30.8494	1
789	21.7367	32.3596	1
790	20.3768	29.7457	1
791	28.2286	28.9258	1
792	22.0452	31.2501	1
793	22.5694	33.1886	1
794	28.5744	23.5931	1
795	32.226	29.8296	1
796	25.2885	30.2726	1
797	36.3506	32.4416	1
798	33.9893	30.6835	1
799	34.6386	31.614	1
800	39.4498	33.9414	1
801	39.3292	26.2917	1
802	1.25211	26.9619	1
803	0.236088	29.1133	1
804	1.88016	29.944	1
805	5.16462	27.2788	1
806	9.63496	28.1189	1
807	1.34916	28.9066	1
808	4.40704	28.1902	1
809	2.0845	18.1269	1
810	7.44591	27.7229	1
811	5.4452	25.3811	1
812	12.4977	30.9865	1
813	11.8648	28.7738	1
814	11.7486	25.2234	1
815	15.8376	32.0972	1
816	16.8961	35.9136	1
817	16.4484	30.0025	1
818	23.641	25.4112	1
819	20.4516	33.8294	1
820	26.4411	29.8817	1
821	27.635	25.3715	1
822	23.4249	29.8716	1
823	19.9004	31.9726	1
824	20.0769	34.8916	1
825	21.5389	33.538	1
826	25.9285	36.5307	1
827	24.4489	33.6056	1
828	28.6673	27.8785	1
829	29.4112	32.7102	1
830	30.014	31.8361	1
831	31.1891	31.8003	1
832	37.3479	30.3664	1
833	32.8304	30.7363	1
834	36.7145	29.4556	1
835	36.8953	31.3965	1
836	36.5676	33.6114	1
837	36.6363	27.4734	1
838	38.9937	29.1593	1
839	4.773	29.2027	1
840	39.6078	30.0483	1
841	9.32075	26.9442	1
842	7.82606	28.7462	1
843	2.03012	27.8724	1
844	10.3057	30.4206	1
845	11.6947	31.8118	1
846	13.206	30.2167	1
847	14.9783	35.3277	1
848	11.3955	30.7007	1
849	12.3157	33.9537	1
850	7.04879	26.6793	1
851	12.6946	32.1547	1
852	18.2704	30.4267	1
853	22.3708	30.2038	1
854	21.2652	38.8601	1
855	19.6128	33.0953	1
856	23.6885	28.7508	1
857	21.2441	30.5198	1
858	22.8912	28.0108	1
859	19.2708	34.1181	1
860	26.6037	33.6779	1
861	24.5153	29.4982	1
862	30.4337	28.8599	1
863	35.2358	32.584	1
864	28.7732	25.7972	1
865	30.5834	34.609	1
866	33.3609	29.7276	1
867	30.5233	30.8357	1
868	35.7445	31.5437	1
869	35.4642	27.5977	1
870	37.8609	29.3067	1
871	0.67628	28.0125	1
872	7.077	29.5768	1
873	5.21349	30.19	1
874	6.53701	31.486	1
875	6.86854	32.5588	1
876	3.4967	31.0225	1
877	2.30798	1.59509	1
878	39.6909	36.2014	1
879	7.32403	30.662	1
880	10.6022	31.4985	1
881	10.0013	25.9931	1
882	8.43373	30.9456	1
883	9.04971	33.1546	1
884	15.2674	34.2705	1
885	17.4467	33.6901	1
886	5.71834	38.2316	1
887	13.626	31.4935	1
888	14.7279	32.386	1
889	15.6314	33.2056	1
890	15.0437	31.3408	1
891	19.8596	36.0331	1
892	20.4339	37.965	1
893	20.6954	32.75	1
894	19.6948	37.196	1
895	20.9072	35.7878	1
896	25.2053	37.4401	1
897	29.9811	29.8911	1
898	32.4613	33.9376	1
899	31.8317	32.7269	1
900	24.2408	30.6566	1
901	37.6368	34.1064	1
902	34.0805	36.4962	1
903	37.7464	27.3912	1
904	38.5514	30.3034	1
905	37.4461	32.9391	1
906	31.9848	35.8698	1
907	0.136704	31.027	1
908	5.86662	29.3807	1
909	38.5884	34.6109	1
910	6.26495	30.3984	1
911	8.7021	35.0298	1
912	3.83041	38.2126	1
913	2.38044	30.947	1
914	4.74925	38.8233	1
915	10.9225	32.566	1
916	8.18558	26.7659	1
917	10.0395	29.2872	1
918	9.81961	32.3314	1
919	10.4228	34.4582	1
920	13.6541	32.7257	1
921	12.9593	34.8523	1
922	13.439	33.8078	1
923	16.4485	34.0208	1
924	12.9299	29.1399	1
925	15.3588	30.218	1
926	16.6815	32.895	1
927	21.2407	34.642	1
928	19.0392	35.302	1
929	21.5211	37.6594	1
930	23.6537	32.8676	1
931	24.5962	38.254	1
932	22.6074	29.0811	1
933	32.9602	32.802	1
934	31.5829	28.8552	1
935	24.8595	32.5237	1
936	23.3534	33.9776	1
937	36.6777	34.6922	1
938	38.6971	35.6991	1
939	28.214	34.755	1
940	35.5275	33.9626	1
941	34.4758	33.6103	1
942	35.6938	35.1026	1
943	4.05979	30.076	1
944	8.16812	29.8375	1
945	2.47353	28.9062	1
946	0.566823	34.4547	1
947	7.65486	31.7739	1
948	11.9583	32.921	1
949	6.29188	0.367475	1
950	9.5086	31.2305	1
951	7.99323	32.8555	1
952	10.1294	33.3692	1
953	9.38993	34.1782	1
954	14.507	33.5183	1
955	7.30113	3.17568	1
956	17.2676	34.8118	1
957	11.2117	33.6656	1
958	16.6505	37.0166	1
959	14.1065	38.6084	1
960	16.1126	35.1032	1
961	18.7684	36.4051	1
962	22.8159	39.5642	1
963	18.252	34.4311	1
964	23.6637	38.9164	1
965	24.8374	34.6235	1
966	28.0065	0.593757	1
967	22.8962	32.0728	1
968	25.9574	34.5914	1
969	27.6835	29.8987	1
970	32.2897	31.7202	1
971	27.7174	33.7737	1
972	28.8286	33.7883	1
973	31.8109	39.966	1
974	33.0454	36.1763	1
975	32.7486	35.0402	1
976	39.4937	32.8491	1
977	38.5341	33.4299	1
978	2.94748	29.9472	1
979	12.1557	29.9386	1
980	32.2444	36.954	1
981	1.75157	38.3002	1
982	39.7585	37.3569	1
983	3.68007	35.9548	1
984	39.9739	38.4573	1
985	15.4834	37.2439	1
986	7.2564	2.04849	1
987	4.82007	0.0488291	1
988	5.38224	1.00436	1
989	14.1889	34.5697	1
990	14.3719	37.4892	1
991	14.7196	36.4566	1
992	17.1468	38.8808	1
993	13.8953	35.6523	1
994	20.0058	1.21515	1
995	25.0211	1.61977	1
996	19.8189	0.108426	1
997	17.6897	36.719	1
998	25.5183	33.561	1
999	25.0444	31.3954	1
1000	26.4707	35.5806	1
1001	27.0367	1.25856	1
1002	25.3981	35.5967	1
1003	30.6436	32.7434	1
1004	31.2944	33.6845	1
1005	25.6418	38.5614	1
1006	30.0715	36.3173	1
1007	34.1147	32.566	1
1008	32.4636	38.1273	1
1009	22.5848	37.3575	1
1010	33.336	37.3685	1
1011	7.17039	33.6605	1
1012	34.6319	34.6605	1
1013	37.6584	35.2533	1
1014	37.6963	36.3796	1
1015	33.571	34.2802	1
1016	1.28485	30.9889	1
1017	39.6318	35.0536	1
1018	3.7477	37.0654	1
1019	3.85541	39.4503	1
1020	4.375	1.55242	1
1021	8.27799	33.9738	1
1022	15.7762	36.1496	1
1023	20.8961	0.60521	1
