0	34.1419	35.6577	1
1	38.5108	39.6128	1
2	1.56089	39.9566	1
3	5.17075	36.411	1
4	6.37674	39.1543	1
5	0.558599	0.526433	1
6	7.27037	38.5594	1
7	12.5356	5.26287	1
8	17.6611	39.834	1
9	3.6617	2.14819	1
10	19.0276	37.8722	1
11	18.724	39.9342	1
12	15.0822	38.3371	1
13	17.8213	35.5329	1
14	13.3067	3.68855	1
15	15.4788	0.292294	1
16	15.8376	39.1635	1
17	21.6783	39.6045	1
18	22.1759	34.2815	1
19	26.3122	37.6548	1
20	25.7197	39.8479	1
21	26.8691	0.267371	1
22	29.3155	30.9008	1
23	26.2045	3.22197	1
24	27.4616	37.675	1
25	29.8169	34.23	1
26	27.0785	34.5879	1
27	31.487	37.8841	1
28	30.426	37.4792	1
29	27.6541	35.7088	1
30	33.6778	39.7653	1
31	31.155	35.6377	1
32	35.2989	37.2224	1
33	2.60725	39.4427	1
34	38.9538	6.53102	1
35	6.47199	1.46684	1
36	3.31474	37.7345	1
37	8.61901	31.8322	1
38	9.183	6.92162	1
39	5.74144	4.29534	1
40	4.96424	6.04897	1
41	4.68726	2.66278	1
42	16.2417	38.1468	1
43	8.53956	2.43801	1
44	7.76314	5.38877	1
45	17.2848	37.7455	1
46	18.0836	38.7112	1
47	9.56456	1.94703	1
48	17.227	3.29991	1
49	14.4741	5.29191	1
50	16.1449	1.80163	1
51	24.6526	39.3728	1
52	21.7682	36.5798	1
53	20.9566	37.4219	1
54	26.0494	2.07156	1
55	29.3717	37.0762	1
56	22.5013	38.793	1
57	23.0304	1.96582	1
58	24.0575	2.43995	1
59	24.0781	3.52254	1
60	27.0429	36.6212	1
61	29.5866	38.188	1
62	28.9125	1.19121	1
63	39.6294	1.24424	1
64	34.3456	37.9455	1
65	32.0186	34.9358	1
66	39.505	38.9847	1
67	35.446	38.3652	1
68	0.549894	33.2232	1
69	39.3698	37.8669	1
70	32.6491	39.4401	1
71	39.685	2.36627	1
72	1.88452	4.48664	1
73	3.21723	36.6355	1
74	3.73803	3.24068	1
75	5.59241	2.09107	1
76	39.79	4.65895	1
77	7.51704	0.773568	1
78	13.6789	39.7108	1
79	6.6759	3.69202	1
80	12.101	8.65386	1
81	20.559	39.3943	1
82	15.1637	1.32888	1
83	14.3365	0.556505	1
84	14.214	3.00734	1
85	15.4176	3.5773	1
86	16.5984	6.8582	1
87	23.3056	37.9981	1
88	22.962	0.893665	1
89	22.1969	4.73743	1
90	17.4717	4.48492	1
91	27.1139	2.52211	1
92	29.8692	0.416492	1
93	22.1312	3.60753	1
94	25.9127	0.999468	1
95	30.5891	38.6057	1
96	30.3422	3.73154	1
97	28.6584	38.9808	1
98	28.1494	36.8114	1
99	1.24401	37.6092	1
100	36.6226	38.4071	1
101	28.5938	5.17141	1
102	37.5812	1.31616	1
103	39.1909	36.7819	1
104	38.7214	2.96098	1
105	5.26613	37.5004	1
106	31.3095	36.7131	1
107	1.57978	1.14987	1
108	2.28203	37.2081	1
109	2.70803	2.75924	1
110	0.897652	9.31659	1
111	6.75361	4.77561	1
112	3.80417	4.33446	1
113	8.49662	1.28942	1
114	13.4944	5.89418	1
115	14.4942	6.41031	1
116	16.5506	39.9594	1
117	16.249	2.89336	1
118	17.1628	2.15437	1
119	21.1443	3.08451	1
120	18.1919	2.68544	1
121	21.1785	1.91896	1
122	18.2233	3.78593	1
123	19.2319	2.08551	1
124	15.1987	2.46974	1
125	24.8485	0.630155	1
126	20.1453	3.74481	1
127	23.0782	3.03834	1
128	26.398	4.31845	1
129	30.7622	39.698	1
130	28.2667	9.30053	1
131	34.4522	3.475	1
132	30.8507	0.848007	1
133	28.5635	37.8379	1
134	35.1552	36.1067	1
135	36.693	4.10728	1
136	33.4544	3.98307	1
137	39.5216	0.120537	1
138	38.6989	1.85939	1
139	38.4943	7.4816	1
140	1.64616	2.27439	1
141	0.523298	39.4672	1
142	3.91206	5.48044	1
143	3.4839	38.8439	1
144	1.78548	3.3648	1
145	2.77599	3.80992	1
146	8.82476	5.85539	1
147	11.2839	34.6618	1
148	4.82498	4.90077	1
149	14.7671	39.4423	1
150	7.65001	4.18969	1
151	13.4762	4.75647	1
152	15.4903	5.85086	1
153	16.3654	4.01449	1
154	15.6193	8.84355	1
155	15.4222	4.69302	1
156	23.9598	1.3617	1
157	18.9996	1.02963	1
158	23.8402	0.165928	1
159	28.232	2.99892	1
160	29.1706	2.25559	1
161	29.7086	39.3359	1
162	28.7484	0.0769545	1
163	29.9856	11.8812	1
164	31.6306	39.0175	1
165	28.7576	6.28786	1
166	28.0202	1.91849	1
167	30.5575	4.8486	1
168	30.7017	5.98563	1
169	30.2331	2.64579	1
170	29.8295	6.65238	1
171	33.5251	38.7227	1
172	38.7665	4.11437	1
173	38.4977	38.5325	1
174	0.821879	5.12194	1
175	39.2051	10.4029	1
176	0.616687	1.75557	1
177	6.62394	2.59588	1
178	3.55091	1.04501	1
179	4.73436	3.77358	1
180	14.3933	4.10734	1
181	11.0874	9.19722	1
182	9.09642	9.17253	1
183	39.706	3.51196	1
184	6.81062	6.019	1
185	14.2192	1.87166	1
186	8.64536	4.69826	1
187	13.1345	9.19581	1
188	16.4871	5.16135	1
189	25.7667	12.4549	1
190	14.0407	8.56403	1
191	18.3646	9.87064	1
192	22.2036	6.99122	1
193	17.846	6.89949	1
194	19.1753	3.19786	1
195	27.7431	5.89155	1
196	27.3053	3.65395	1
197	28.5148	4.07275	1
198	30.4555	10.0693	1
199	32.9679	10.2285	1
200	29.286	3.34306	1
201	28.459	10.3492	1
202	37.5415	39.1344	1
203	35.5848	4.10917	1
204	34.5419	4.64452	1
205	30.8548	7.1554	1
206	31.7171	6.5075	1
207	37.7639	2.42679	1
208	39.1012	8.38351	1
209	38.5817	0.773059	1
210	33.7582	7.46289	1
211	38.0189	8.48968	1
212	1.10595	6.28451	1
213	0.307559	10.3398	1
214	2.86536	4.95869	1
215	3.8633	6.64892	1
216	12.1365	6.29921	1
217	10.0043	10.8298	1
218	7.79335	6.51434	1
219	8.55438	3.54503	1
220	8.11619	9.7957	1
221	5.66853	3.21544	1
222	11.133	8.06098	1
223	10.0457	9.71394	1
224	15.4814	6.99589	1
225	20.9068	13.4821	1
226	19.1933	4.34614	1
227	19.1236	6.67907	1
228	21.7064	14.3631	1
229	19.2369	5.54389	1
230	27.8974	6.97726	1
231	22.2062	5.88426	1
232	29.9766	1.49865	1
233	29.3045	9.69005	1
234	28.113	8.11506	1
235	31.151	13.6421	1
236	31.5481	5.31718	1
237	31.0079	8.32293	1
238	28.9949	7.38973	1
239	29.1315	8.52518	1
240	33.4702	5.07216	1
241	36.7915	2.98613	1
242	32.5929	5.75491	1
243	37.7774	3.57573	1
244	0.0675144	5.91935	1
245	0.720851	4.03729	1
246	39.7783	9.33889	1
247	0.715168	2.88936	1
248	8.12652	8.67073	1
249	2.50661	8.20603	1
250	10.1455	7.50258	1
251	9.13972	8.00815	1
252	9.13712	13.752	1
253	6.145	9.89359	1
254	13.9948	7.4444	1
255	10.0882	8.58025	1
256	13.0581	8.08666	1
257	16.7626	8.90562	1
258	13.0664	6.91589	1
259	17.3157	11.8372	1
260	27.0835	7.72594	1
261	24.3213	14.2739	1
262	17.8165	8.85561	1
263	20.1381	4.78738	1
264	23.2087	5.26036	1
265	20.2242	2.51509	1
266	24.162	4.66031	1
267	23.1697	6.37623	1
268	26.8245	12.6884	1
269	30.1393	8.98385	1
270	31.2369	14.7607	1
271	29.1238	12.5821	1
272	37.5728	0.206015	1
273	35.971	11.7837	1
274	29.4947	4.51179	1
275	31.8162	7.57483	1
276	36.9647	12.3365	1
277	36.0246	14.0303	1
278	38.1577	10.4482	1
279	31.4728	4.08991	1
280	1.07536	14.654	1
281	2.89427	6.05329	1
282	1.82541	7.23177	1
283	39.6083	7.35324	1
284	2.73836	12.0772	1
285	7.08894	9.3213	1
286	1.35038	8.27175	1
287	11.9855	11.9932	1
288	11.1838	6.91187	1
289	8.14147	10.8743	1
290	8.15046	12.0093	1
291	4.9545	10.1176	1
292	17.3112	7.90079	1
293	12.9142	11.4308	1
294	20.1504	10.7764	1
295	19.0107	10.7817	1
296	21.2106	15.3417	1
297	19.1376	12.7266	1
298	20.2794	5.90662	1
299	22.0839	2.52746	1
300	21.2166	4.17516	1
301	21.2351	5.276	1
302	23.1289	4.11272	1
303	27.5365	11.0513	1
304	29.9766	7.82216	1
305	32.9693	11.3535	1
306	31.1189	12.4535	1
307	32.152	14.1485	1
308	37.5154	9.51887	1
309	37.0159	14.5363	1
310	34.5004	5.66655	1
311	32.4384	4.61327	1
312	39.7699	11.4135	1
313	36.8727	8.54224	1
314	37.4012	7.57449	1
315	2.08939	14.2389	1
316	38.6913	11.403	1
317	7.13152	8.19836	1
318	1.47613	10.2519	1
319	1.8869	5.5734	1
320	2.57466	10.1501	1
321	2.51639	0.554839	1
322	11.059	12.5747	1
323	12.081	14.2723	1
324	14.9854	7.93088	1
325	13.1718	15.9524	1
326	9.06149	10.3004	1
327	13.0501	10.3406	1
328	18.0135	12.8162	1
329	18.4527	7.83386	1
330	17.8454	10.878	1
331	27.2784	13.6755	1
332	23.5169	15.1628	1
333	19.5383	9.83267	1
334	20.2868	6.98693	1
335	27.2646	8.82021	1
336	21.2036	6.43037	1
337	27.4362	4.73734	1
338	30.1582	13.0359	1
339	29.647	5.6055	1
340	33.0482	12.5149	1
341	33.3124	18.0736	1
342	32.121	13.053	1
343	37.5759	11.4244	1
344	33.9812	11.8836	1
345	34.9954	12.3905	1
346	2.95064	15.1394	1
347	33.9092	10.7499	1
348	3.51214	13.0198	1
349	0.724504	7.26324	1
350	34.6435	6.81116	1
351	0.991973	11.2485	1
352	0.233229	8.29599	1
353	4.26663	9.12598	1
354	2.91467	7.17754	1
355	1.98399	9.2059	1
356	5.05142	11.8368	1
357	4.29321	11.0477	1
358	9.10632	11.4494	1
359	10.0706	11.9676	1
360	8.78541	17.1356	1
361	10.9778	10.2713	1
362	12.0188	9.76641	1
363	16.4845	19.1243	1
364	16.2183	7.88202	1
365	18.9388	8.88537	1
366	26.5555	14.5419	1
367	21.2201	7.52362	1
368	25.4545	14.3812	1
369	25.1173	2.90994	1
370	26.5022	11.6332	1
371	28.7218	11.4808	1
372	26.2594	8.4129	1
373	28.2392	13.1955	1
374	32.0064	8.7244	1
375	29.1862	13.7311	1
376	29.5777	10.8052	1
377	31.248	15.9043	1
378	32.0502	11.9606	1
379	35.1093	14.6568	1
380	34.9094	11.2619	1
381	34.0475	13.0029	1
382	3.86502	12.0399	1
383	35.9703	12.8943	1
384	39.6479	15.8589	1
385	36.1115	15.1688	1
386	0.29103	12.4682	1
387	3.15829	11.0348	1
388	5.35637	9.09866	1
389	7.04308	11.4931	1
390	2.27176	17.2987	1
391	8.13852	7.54027	1
392	13.0113	12.5322	1
393	7.09825	10.4255	1
394	9.13396	12.5723	1
395	10.0507	13.1351	1
396	17.2876	9.8326	1
397	13.062	13.7369	1
398	12.1405	7.53302	1
399	16.7578	10.8608	1
400	19.5715	11.7292	1
401	24.9837	13.3212	1
402	19.4884	16.6402	1
403	27.4033	9.94122	1
404	24.6696	12.2586	1
405	26.4405	9.47945	1
406	26.1141	13.494	1
407	26.4677	10.5497	1
408	30.4382	17.6885	1
409	28.5382	17.8172	1
410	20.2234	12.6424	1
411	31.3596	17.05	1
412	32.4606	18.6794	1
413	33.1657	14.6975	1
414	34.1753	16.3383	1
415	35.0441	13.5081	1
416	34.1357	14.1661	1
417	37.1448	17.9446	1
418	1.59904	12.244	1
419	32.7394	6.94174	1
420	1.17412	17.5732	1
421	38.6285	9.42908	1
422	1.34847	20.6188	1
423	1.1823	13.3313	1
424	3.22477	14.1068	1
425	3.74957	10.0912	1
426	4.83456	15.7351	1
427	3.15119	9.11229	1
428	11.1116	13.7155	1
429	3.69952	15.9762	1
430	15.7833	18.2892	1
431	12.1619	15.4007	1
432	15.3854	19.512	1
433	16.145	9.83545	1
434	17.3686	17.0264	1
435	20.482	14.5617	1
436	18.498	11.8277	1
437	27.6368	14.6617	1
438	26.9307	15.5227	1
439	18.1394	14.7066	1
440	27.8341	12.1153	1
441	18.4238	16.8298	1
442	26.8792	17.5022	1
443	25.8866	15.4306	1
444	30.3136	15.3497	1
445	28.5276	16.6841	1
446	28.5874	18.9174	1
447	33.3984	19.2076	1
448	30.5309	18.8007	1
449	30.1744	14.259	1
450	38.0276	14.9814	1
451	2.06229	11.1943	1
452	2.39602	13.1987	1
453	33.5865	6.24692	1
454	5.65908	16.6453	1
455	2.6051	16.2541	1
456	0.0963251	17.7482	1
457	10.2321	18.7953	1
458	6.41202	17.4417	1
459	4.59046	12.956	1
460	12.0924	13.1605	1
461	6.08156	12.1278	1
462	10.3444	17.6159	1
463	7.21685	12.6705	1
464	4.05161	14.9649	1
465	11.2984	17.0468	1
466	18.7439	15.7393	1
467	12.0219	10.8476	1
468	5.1157	14.5789	1
469	13.2518	17.0841	1
470	19.2887	14.6569	1
471	24.7184	15.2842	1
472	17.4685	13.8728	1
473	21.8437	16.2934	1
474	22.4382	17.1797	1
475	28.1729	15.6133	1
476	30.3301	16.5119	1
477	21.3475	20.3308	1
478	27.4057	16.4771	1
479	29.3522	15.7951	1
480	32.3678	17.5305	1
481	33.1567	13.6381	1
482	32.2244	16.404	1
483	29.4668	17.1998	1
484	37.11	15.6441	1
485	34.1421	15.2535	1
486	35.1371	15.7425	1
487	36.9785	13.4006	1
488	37.2145	20.1992	1
489	0.77602	15.7003	1
490	5.91586	10.9918	1
491	8.21404	18.1695	1
492	4.18906	17.8356	1
493	7.58848	20.3549	1
494	10.2612	16.5103	1
495	3.06859	18.1143	1
496	10.2403	15.3931	1
497	11.0423	11.4094	1
498	10.1725	14.2999	1
499	16.9439	18.1151	1
500	7.11083	18.3548	1
501	18.41	19.8407	1
502	13.0013	20.6427	1
503	16.9852	14.8949	1
504	21.0312	18.3914	1
505	13.9681	12.9778	1
506	22.375	15.2724	1
507	22.9694	16.2361	1
508	21.7559	19.2605	1
509	25.1955	16.3668	1
510	24.1051	16.1881	1
511	22.1016	18.2091	1
512	27.5397	18.3538	1
513	21.3389	17.3209	1
514	27.6167	21.6962	1
515	32.2124	15.2895	1
516	36.1767	16.2526	1
517	32.3569	19.7676	1
518	34.24	17.4429	1
519	34.3936	20.8873	1
520	37.9413	13.8829	1
521	39.2191	17.0066	1
522	33.2638	16.9259	1
523	1.92406	15.3551	1
524	38.2624	16.2264	1
525	4.55624	16.7844	1
526	1.64464	19.4824	1
527	4.47556	24.7648	1
528	4.90101	18.6966	1
529	3.35154	17.0313	1
530	9.70586	19.8106	1
531	8.89669	19.05	1
532	11.1696	14.8704	1
533	12.2392	16.4908	1
534	10.5192	21.9222	1
535	12.233	17.6069	1
536	15.2698	20.5955	1
537	16.2228	17.2273	1
538	16.27	20.1562	1
539	17.6433	15.8739	1
540	19.8512	18.589	1
541	18.6444	13.7304	1
542	19.7528	13.6702	1
543	22.4487	20.1142	1
544	26.3333	16.5107	1
545	23.1909	18.1649	1
546	29.5515	18.294	1
547	25.7106	17.3943	1
548	25.6596	20.6241	1
549	32.3114	25.0035	1
550	33.9152	28.779	1
551	28.5768	21.1675	1
552	33.03	25.8876	1
553	32.5006	21.0165	1
554	31.4455	18.159	1
555	38.0621	12.4296	1
556	39.1735	12.3606	1
557	36.2049	18.5509	1
558	1.5247	16.4824	1
559	36.1937	17.3886	1
560	37.1789	19.0925	1
561	0.361383	16.7399	1
562	2.41124	20.2809	1
563	5.64111	19.5785	1
564	8.22375	13.1816	1
565	5.98214	18.5022	1
566	11.2236	18.2675	1
567	7.80036	19.275	1
568	14.0135	22.7114	1
569	11.3571	21.2108	1
570	14.6977	21.6111	1
571	13.3978	23.645	1
572	10.2454	20.8294	1
573	20.204	20.555	1
574	17.9359	20.8693	1
575	9.36481	18.0795	1
576	13.1441	14.8447	1
577	18.7461	18.7348	1
578	24.7238	21.2289	1
579	20.2515	17.5566	1
580	22.7884	22.0502	1
581	28.6081	22.3059	1
582	27.6107	20.5526	1
583	26.6158	20.0225	1
584	26.6462	22.3302	1
585	29.5664	21.7473	1
586	35.0245	28.6433	1
587	34.6518	24.7853	1
588	35.3437	20.3113	1
589	35.2172	16.8443	1
590	34.8266	26.7398	1
591	33.1749	15.8102	1
592	34.3266	18.6236	1
593	39.0443	18.1248	1
594	39.4942	20.0008	1
595	39.8614	18.9565	1
596	38.4201	20.24	1
597	2.77374	19.1704	1
598	7.21927	23.4445	1
599	5.97124	22.0273	1
600	0.842861	18.6262	1
601	2.41148	24.9845	1
602	7.85603	22.5276	1
603	10.8329	19.789	1
604	13.7874	24.7182	1
605	12.8812	22.5865	1
606	16.0208	31.0321	1
607	10.1288	22.9637	1
608	17.6253	18.9679	1
609	19.0131	31.1677	1
610	19.122	17.6755	1
611	19.4855	19.6809	1
612	20.1175	26.8258	1
613	19.8452	21.6053	1
614	22.1226	21.1731	1
615	25.614	19.5283	1
616	27.6591	22.9376	1
617	29.5308	19.4241	1
618	29.5961	20.6072	1
619	33.4158	20.3044	1
620	29.4656	25.4675	1
621	29.2405	28.8742	1
622	33.3914	24.8362	1
623	37.0631	26.4238	1
624	33.7239	26.8419	1
625	38.1216	17.3863	1
626	37.2153	16.7904	1
627	36.3322	25.5566	1
628	0.29279	20.8687	1
629	39.2503	21.0518	1
630	5.27267	17.6314	1
631	38.4811	25.1063	1
632	0.250157	25.6497	1
633	2.93707	26.8933	1
634	2.03996	22.7266	1
635	6.7318	19.485	1
636	7.5386	24.4678	1
637	11.2191	15.9773	1
638	8.65338	24.6609	1
639	11.1772	23.3357	1
640	10.9585	29.5429	1
641	14.1544	20.6687	1
642	17.6367	28.5182	1
643	13.5982	21.6611	1
644	18.0233	17.9083	1
645	12.4028	21.5792	1
646	19.2395	26.0768	1
647	23.7977	21.7077	1
648	20.9477	21.3583	1
649	28.5471	24.6996	1
650	25.6088	24.0419	1
651	26.6305	21.2121	1
652	29.5691	24.3574	1
653	28.5952	20.0133	1
654	30.9124	27.9505	1
655	31.9688	26.022	1
656	32.7073	28.8119	1
657	28.7015	29.8328	1
658	38.7883	19.2308	1
659	1.23837	29.3677	1
660	35.2377	17.967	1
661	34.3633	27.7808	1
662	35.2553	25.7309	1
663	38.0386	18.479	1
664	35.3159	19.1398	1
665	35.2959	21.5597	1
666	1.01005	21.7263	1
667	5.91839	26.0741	1
668	2.07666	21.4233	1
669	8.31645	23.581	1
670	7.58471	17.2623	1
671	5.32957	23.9944	1
672	11.5814	22.3359	1
673	11.5594	24.4322	1
674	9.6767	24.9407	1
675	21.4056	23.2254	1
676	18.122	26.3708	1
677	10.7264	25.225	1
678	20.5557	22.4475	1
679	18.7376	21.8497	1
680	18.7421	28.2134	1
681	23.6063	20.6516	1
682	25.7232	21.8144	1
683	24.6203	17.4167	1
684	27.6343	24.0359	1
685	22.9895	27.0207	1
686	25.4732	29.337	1
687	24.6076	24.5704	1
688	27.6042	19.4389	1
689	24.0256	26.5622	1
690	29.7737	27.8976	1
691	30.3311	26.8292	1
692	34.0791	25.7569	1
693	32.6252	26.9078	1
694	35.0999	30.7121	1
695	37.379	25.3342	1
696	33.386	31.7051	1
697	38.5576	28.0625	1
698	36.2411	19.7247	1
699	35.9576	26.6256	1
700	5.49773	28.0344	1
701	38.108	26.1883	1
702	6.43755	24.2899	1
703	3.37954	24.4036	1
704	5.13891	22.84	1
705	6.20079	23.2245	1
706	12.7339	24.5483	1
707	8.91955	29.949	1
708	14.1138	30.5228	1
709	16.5529	28.8812	1
710	16.7307	27.7882	1
711	16.8319	31.7761	1
712	17.9398	27.4294	1
713	14.5519	23.7875	1
714	19.2809	30.0957	1
715	19.0083	27.121	1
716	23.6738	22.7996	1
717	20.6155	19.4153	1
718	23.5494	17.1331	1
719	24.7175	22.3072	1
720	24.6231	20.1693	1
721	23.0588	31.06	1
722	26.6016	24.5601	1
723	27.4831	27.877	1
724	25.6752	22.9232	1
725	26.6612	23.4282	1
726	32.0733	27.9257	1
727	28.1541	26.944	1
728	31.475	26.9654	1
729	34.0098	23.8855	1
730	36.2034	30.522	1
731	0.00677277	26.7037	1
732	0.5715	19.7987	1
733	38.9367	27.0156	1
734	3.65115	25.5606	1
735	3.46255	28.8024	1
736	1.31851	25.337	1
737	6.25001	27.2065	1
738	3.11137	23.2452	1
739	6.7586	25.311	1
740	4.1982	23.5896	1
741	12.2735	23.5257	1
742	10.4371	24.1546	1
743	8.95949	25.8242	1
744	12.9662	25.6647	1
745	17.407	29.6523	1
746	20.6003	28.6336	1
747	18.4616	33.3817	1
748	17.1394	30.6884	1
749	17.9276	31.4742	1
750	23.6458	23.9426	1
751	24.6699	28.5253	1
752	24.6199	23.4554	1
753	23.7994	27.8024	1
754	21.685	22.18	1
755	21.9627	27.3124	1
756	23.864	31.8102	1
757	21.3832	29.4116	1
758	29.2667	26.7852	1
759	26.9581	28.8864	1
760	34.539	29.7118	1
761	31.6565	30.7498	1
762	30.982	29.831	1
763	39.7122	27.8054	1
764	36.1547	28.5476	1
765	35.6394	29.5946	1
766	34.3757	19.7087	1
767	33.2299	27.8528	1
768	36.2891	20.8235	1
769	2.12994	26.1173	1
770	6.60077	28.2967	1
771	8.73948	28.8661	1
772	4.03165	26.6379	1
773	4.79526	25.8823	1
774	8.48543	27.7712	1
775	2.25438	23.9197	1
776	7.85733	25.5432	1
777	9.41331	23.8419	1
778	8.99366	22.7921	1
779	19.0887	20.737	1
780	18.4474	29.264	1
781	19.3707	39.0392	1
782	20.8749	31.6152	1
783	18.6551	32.2944	1
784	19.5291	28.9674	1
785	20.8831	27.6047	1
786	21.6591	28.3542	1
787	19.8034	27.8934	1
788	20.1113	30.821	1
789	21.6135	32.4346	1
790	20.3588	29.7572	1
791	28.1341	28.8362	1
792	21.9433	31.3417	1
793	22.4056	33.2405	1
794	28.5874	23.5106	1
795	32.1455	29.7928	1
796	25.1877	30.3795	1
797	36.5981	32.4683	1
798	33.9332	30.6714	1
799	34.5939	31.6622	1
800	39.6533	33.924	1
801	39.1579	25.9509	1
802	1.02568	26.3597	1
803	0.46621	28.5595	1
804	2.36082	29.0936	1
805	5.08459	26.9523	1
806	9.62025	28.0371	1
807	1.53036	28.2567	1
808	3.93204	27.7926	1
809	1.9561	18.4334	1
810	7.41945	27.4824	1
811	5.64177	25.0381	1
812	12.9459	30.7121	1
813	11.7727	28.7874	1
814	11.8318	25.4481	1
815	15.7144	32.0772	1
816	16.7413	35.8306	1
817	16.3097	29.9548	1
818	23.6299	25.0253	1
819	20.2967	33.8617	1
820	26.4252	30.0258	1
821	27.5203	25.2595	1
822	23.2886	29.9979	1
823	19.7685	31.9339	1
824	20.0742	35.0014	1
825	21.2969	33.5294	1
826	25.9199	36.4817	1
827	24.2951	33.6813	1
828	28.6648	27.8789	1
829	29.6575	33.0319	1
830	29.9707	31.8401	1
831	31.1565	31.7591	1
832	37.35	30.3564	1
833	32.7931	30.7654	1
834	36.7235	29.4998	1
835	36.846	31.3785	1
836	36.673	33.5862	1
837	36.6525	27.4762	1
838	39.3487	28.7814	1
839	4.64453	28.6762	1
840	0.0955453	29.6197	1
841	9.30028	26.9449	1
842	7.64962	28.5629	1
843	1.82707	27.2461	1
844	10.1924	30.2547	1
845	11.636	31.6652	1
846	13.3488	29.6781	1
847	14.8829	35.2934	1
848	11.3295	30.6112	1
849	12.1544	33.9882	1
850	7.02539	26.4292	1
851	12.6923	31.8931	1
852	18.2362	30.3756	1
853	22.1849	30.2718	1
854	21.3083	38.5288	1
855	19.5103	33.0608	1
856	23.542	28.8814	1
857	21.1678	30.5695	1
858	22.7526	28.1106	1
859	19.2596	34.2293	1
860	26.4641	33.6225	1
861	24.3256	29.6464	1
862	30.3331	28.9265	1
863	35.6351	33.1491	1
864	28.4467	25.8913	1
865	30.9658	34.5536	1
866	33.3659	29.7503	1
867	30.4341	30.8343	1
868	35.7553	31.6954	1
869	35.4727	27.6678	1
870	37.8884	29.3492	1
871	0.755149	27.4739	1
872	6.80741	29.4109	1
873	4.99429	30.4483	1
874	6.36215	31.2542	1
875	6.71997	32.3756	1
876	3.85211	30.711	1
877	2.59647	1.70811	1
878	0.107406	36.0972	1
879	7.21245	30.5325	1
880	10.5214	31.3505	1
881	10.0095	26.0794	1
882	8.27697	30.8134	1
883	8.986	32.8133	1
884	15.2097	34.209	1
885	17.3234	33.7177	1
886	6.30246	37.9706	1
887	13.744	31.53	1
888	14.6191	32.338	1
889	15.433	33.1366	1
890	14.9137	31.3108	1
891	19.7062	36.0413	1
892	20.2596	38.3055	1
893	20.5434	32.6932	1
894	19.8678	37.1248	1
895	20.7873	35.9956	1
896	25.2097	37.4672	1
897	29.8107	29.8938	1
898	32.8706	34.1876	1
899	31.7077	32.8036	1
900	24.1136	30.7548	1
901	37.7092	34.0459	1
902	34.2504	36.8228	1
903	37.75	27.2562	1
904	38.8281	29.8236	1
905	37.6316	32.9352	1
906	32.2053	36.0429	1
907	0.893622	30.4229	1
908	5.7393	29.1373	1
909	38.7189	34.5656	1
910	6.05437	30.1972	1
911	7.45857	34.4194	1
912	4.37447	38.153	1
913	2.78537	31.0021	1
914	5.38185	38.6276	1
915	10.8665	32.4275	1
916	8.20415	26.6042	1
917	9.83661	29.1955	1
918	9.72026	32.0505	1
919	10.3073	34.2096	1
920	13.5203	32.6761	1
921	12.9914	34.8014	1
922	13.2498	33.7498	1
923	16.2631	33.9126	1
924	12.9076	28.6288	1
925	15.2353	30.2528	1
926	16.595	32.838	1
927	21.15	34.6803	1
928	18.9685	35.2533	1
929	22.1128	37.7327	1
930	23.5336	32.8666	1
931	24.3615	38.2224	1
932	22.4832	29.1775	1
933	32.8173	32.783	1
934	31.5658	28.887	1
935	24.6536	32.5589	1
936	23.2136	33.9985	1
937	36.8429	34.7333	1
938	38.9496	35.691	1
939	28.1824	34.7133	1
940	35.8166	34.2887	1
941	34.7897	33.8376	1
942	35.9755	35.403	1
943	4.18764	29.6328	1
944	7.8733	29.6608	1
945	2.68337	27.9473	1
946	0.696249	34.316	1
947	7.54656	31.5912	1
948	11.9636	32.7115	1
949	6.50062	0.273219	1
950	9.3582	30.9908	1
951	7.85403	32.6344	1
952	10.0615	33.119	1
953	9.26376	33.8881	1
954	14.3683	33.4145	1
955	7.59195	3.07214	1
956	17.0375	34.807	1
957	11.2084	33.521	1
958	16.4289	36.9745	1
959	14.0172	38.599	1
960	15.9742	34.9378	1
961	18.6883	36.3746	1
962	22.7959	39.8298	1
963	18.1914	34.4726	1
964	23.6192	39.0471	1
965	24.8059	34.648	1
966	27.8762	0.75595	1
967	22.748	32.1211	1
968	25.9511	34.6081	1
969	27.5156	29.8429	1
970	32.2536	31.7599	1
971	27.7145	33.6737	1
972	28.8484	33.7354	1
973	31.7462	0.173199	1
974	33.2222	36.4102	1
975	33.041	35.2771	1
976	39.5497	32.7631	1
977	38.6073	33.4145	1
978	3.09318	29.9153	1
979	12.2352	29.8558	1
980	32.3112	37.1611	1
981	2.28898	38.3295	1
982	0.232965	37.1804	1
983	4.18342	35.9374	1
984	0.443101	38.3308	1
985	15.388	37.2883	1
986	7.56042	1.90125	1
987	5.42439	39.774	1
988	5.53727	0.868785	1
989	14.0181	34.477	1
990	14.2408	37.4606	1
991	14.6019	36.4197	1
992	16.9896	38.9488	1
993	13.7892	35.6424	1
994	20.1863	1.41005	1
995	24.9713	1.75373	1
996	19.8441	0.391711	1
997	17.4758	36.6421	1
998	25.3739	33.5675	1
999	24.9236	31.4661	1
1000	26.553	35.6174	1
1001	26.9567	1.39859	1
1002	25.405	35.5347	1
1003	30.6709	33.407	1
1004	31.8044	33.8544	1
1005	25.4864	38.554	1
1006	30.1506	36.2977	1
1007	34.5571	32.7669	1
1008	32.4596	38.3429	1
1009	22.8441	36.9412	1
1010	33.3307	37.549	1
1011	7.06149	33.4453	1
1012	34.9347	34.9475	1
1013	37.8779	35.2663	1
1014	38.1176	36.3747	1
1015	33.9479	34.4904	1
1016	1.99625	30.2079	1
1017	39.8338	35.0584	1
1018	4.2423	37.041	1
1019	4.47389	39.2319	1
1020	4.59805	1.52413	1
1021	8.20081	33.6482	1
1022	15.6471	36.1086	1
1023	20.9792	0.480144	1
