0	34.564	35.5775	1
1	39.0576	39.1581	1
2	2.03152	39.5223	1
3	6.13751	35.6231	1
4	6.64819	38.6389	1
5	1.14546	0.110349	1
6	7.69452	38.2393	1
7	12.2116	5.63401	1
8	17.676	39.703	1
9	4.04357	1.83724	1
10	18.586	38.9225	1
11	18.7397	0.0713944	1
12	13.7381	38.4633	1
13	17.0748	35.9711	1
14	13.2912	3.27685	1
15	13.8768	0.246306	1
16	14.4326	39.3288	1
17	21.8133	39.9367	1
18	22.3481	33.6514	1
19	26.9567	37.6429	1
20	25.9868	39.9123	1
21	27.1128	0.336888	1
22	29.0512	30.8214	1
23	26.5553	3.25695	1
24	27.769	38.5078	1
25	30.2629	33.9839	1
26	27.4785	34.5483	1
27	32.0966	37.9815	1
28	31.0602	37.6608	1
29	28.0504	35.6465	1
30	34.8222	39.5266	1
31	31.4728	35.7168	1
32	35.8443	36.9549	1
33	2.95306	38.0702	1
34	39.2847	5.86657	1
35	6.81686	0.848037	1
36	4.17008	36.4029	1
37	8.22841	32.2234	1
38	8.05734	7.13748	1
39	6.37962	3.86757	1
40	5.61397	5.59027	1
41	5.04641	2.26142	1
42	14.896	38.3203	1
43	8.8135	1.58022	1
44	8.48004	4.63531	1
45	15.9892	38.0164	1
46	16.7384	39.1875	1
47	9.67759	0.889969	1
48	17.3212	3.57964	1
49	14.4662	5.34794	1
50	16.132	2.04857	1
51	24.9334	39.6799	1
52	22.0001	36.9254	1
53	21.1479	37.7075	1
54	26.4211	2.1412	1
55	29.1126	37.0541	1
56	22.5776	39.1788	1
57	23.5059	2.19743	1
58	24.5716	2.79628	1
59	24.2998	3.8117	1
60	27.3672	36.6184	1
61	29.9629	37.8474	1
62	29.1943	1.23714	1
63	0.107057	0.760819	1
64	35.1318	37.7165	1
65	32.3233	34.8906	1
66	39.9671	38.4799	1
67	36.3454	37.8956	1
68	0.687369	32.3919	1
69	39.8521	37.2746	1
70	33.5932	39.4659	1
71	0.348448	2.02552	1
72	2.25437	4.92257	1
73	4.38358	35.2767	1
74	4.16093	3.06355	1
75	5.87592	1.50984	1
76	0.558375	4.05595	1
77	7.67474	0.0941748	1
78	11.9885	39.1876	1
79	7.12106	3.09429	1
80	11.7458	8.91149	1
81	20.7206	39.6746	1
82	15.1362	1.5146	1
83	14.0399	1.31336	1
84	14.3943	3.46244	1
85	15.388	3.80053	1
86	17.309	6.737	1
87	23.3442	38.3257	1
88	23.3655	1.14806	1
89	22.3806	4.99744	1
90	17.4191	4.73547	1
91	27.4289	2.5507	1
92	30.1797	0.844221	1
93	22.3606	3.84764	1
94	26.1886	1.01487	1
95	30.7099	38.6685	1
96	30.6463	4.12394	1
97	29.6762	39.0749	1
98	28.1123	37.4493	1
99	2.07363	36.3899	1
100	37.029	39.225	1
101	28.7542	5.22478	1
102	37.6633	0.756475	1
103	39.7172	36.1725	1
104	38.9711	2.61683	1
105	6.0302	36.705	1
106	31.7488	36.8399	1
107	2.23456	0.716465	1
108	3.21335	35.7956	1
109	3.20526	2.59035	1
110	0.929252	8.85016	1
111	7.41855	4.18845	1
112	4.32775	4.15809	1
113	8.71787	0.496075	1
114	13.3486	5.49229	1
115	14.1059	6.5192	1
116	14.9237	0.376906	1
117	16.3145	3.14606	1
118	17.1779	2.49031	1
119	21.3969	3.3009	1
120	18.2651	2.84958	1
121	21.1876	2.12521	1
122	18.3577	3.93428	1
123	19.2797	2.30381	1
124	15.2047	2.64725	1
125	25.112	0.746147	1
126	20.3594	3.9565	1
127	23.3405	3.29611	1
128	26.6586	4.42856	1
129	31.4758	39.4395	1
130	28.4733	8.83153	1
131	34.9097	3.50378	1
132	31.3755	0.607687	1
133	28.9209	38.1821	1
134	35.5891	35.8841	1
135	36.8575	3.2255	1
136	33.7497	4.12133	1
137	0.111012	39.6682	1
138	39.3848	1.57543	1
139	38.6671	7.15758	1
140	1.8975	1.97511	1
141	1.00464	38.9888	1
142	4.54008	5.21903	1
143	3.99077	37.6957	1
144	2.27575	3.05455	1
145	3.20194	3.785	1
146	9.5906	4.84807	1
147	10.8056	35.2968	1
148	5.42334	4.53855	1
149	13.0647	39.4223	1
150	8.18392	3.44972	1
151	12.7079	4.61393	1
152	15.2982	6.06046	1
153	16.403	4.31466	1
154	16.2987	8.80967	1
155	15.5026	4.96428	1
156	24.3518	1.52892	1
157	19.1173	1.15089	1
158	24.1112	0.394457	1
159	28.4601	3.067	1
160	29.3706	2.33937	1
161	30.4335	39.7672	1
162	29.3329	0.0839652	1
163	29.1281	11.8184	1
164	32.4918	39.0496	1
165	28.9064	6.41476	1
166	28.3193	1.87625	1
167	30.9341	5.19161	1
168	31.0951	6.26254	1
169	31.4654	3.38753	1
170	30.1981	7.03457	1
171	34.3155	38.5982	1
172	37.5055	4.10284	1
173	38.9579	38.0512	1
174	1.09834	4.99962	1
175	39.2967	10.1099	1
176	1.16803	1.17636	1
177	6.97268	1.9551	1
178	3.7571	0.757661	1
179	5.25031	3.39389	1
180	13.8025	4.37308	1
181	10.7124	9.40216	1
182	8.34492	9.30312	1
183	39.9146	3.12422	1
184	7.37868	5.28829	1
185	14.1349	2.42396	1
186	9.22965	3.79332	1
187	12.6743	9.48805	1
188	16.5404	5.53277	1
189	25.2189	12.331	1
190	12.802	8.3581	1
191	19.1349	9.6839	1
192	22.4987	7.29362	1
193	18.5132	6.65695	1
194	19.3402	3.4243	1
195	27.9393	6.00984	1
196	27.5622	3.67254	1
197	28.5653	4.12929	1
198	30.2514	10.3901	1
199	32.5632	10.2549	1
200	30.3361	3.07852	1
201	28.2934	9.9447	1
202	37.9886	38.5211	1
203	36.0868	2.43364	1
204	34.895	4.62441	1
205	31.4063	7.41265	1
206	32.2789	6.69852	1
207	38.3178	1.72073	1
208	39.2939	8.07339	1
209	39.0068	0.451933	1
210	34.4559	7.47335	1
211	38.1895	8.22038	1
212	1.48922	5.99728	1
213	0.413416	10.0992	1
214	3.47152	4.93514	1
215	4.76048	6.41651	1
216	11.3806	6.79084	1
217	9.56048	10.8214	1
218	8.56821	5.76745	1
219	9.05756	2.69579	1
220	7.50789	10.0722	1
221	6.11933	2.72984	1
222	10.2575	8.38393	1
223	9.62337	9.73559	1
224	14.5908	7.5569	1
225	20.068	13.6143	1
226	19.3874	4.55837	1
227	19.6445	6.80743	1
228	20.8924	14.5839	1
229	19.6653	5.67325	1
230	27.9834	7.16147	1
231	22.4379	6.16164	1
232	30.3886	1.92471	1
233	29.346	9.58203	1
234	27.5632	8.21914	1
235	31.1776	14.0965	1
236	32.051	5.58746	1
237	31.5469	8.53402	1
238	29.0775	7.49382	1
239	29.5182	8.4955	1
240	33.9814	5.22843	1
241	37.1034	2.03456	1
242	33.1579	5.96247	1
243	37.8632	2.80665	1
244	0.437252	5.89416	1
245	1.67604	3.9446	1
246	39.9008	9.05909	1
247	1.06685	2.97995	1
248	7.36965	8.92612	1
249	2.53677	7.90655	1
250	9.17356	7.54637	1
251	8.18853	8.20589	1
252	9.34995	13.6323	1
253	5.5767	10.6146	1
254	13.4708	7.49295	1
255	9.1993	8.65832	1
256	12.2808	7.40554	1
257	17.3661	8.75357	1
258	12.9569	6.52808	1
259	18.3073	11.9316	1
260	26.6354	7.70167	1
261	23.7786	14.293	1
262	18.4925	8.72596	1
263	20.5233	5.04763	1
264	23.4069	5.50959	1
265	20.35	2.86348	1
266	24.3121	4.91563	1
267	23.4048	6.63327	1
268	26.3164	12.4804	1
269	30.5055	9.23627	1
270	31.4519	15.1354	1
271	28.126	12.2655	1
272	38.1112	39.7164	1
273	35.7661	11.6706	1
274	29.8313	4.81561	1
275	32.5978	8.01883	1
276	36.8455	11.9362	1
277	36.274	13.8553	1
278	38.1948	10.2088	1
279	31.7433	4.51169	1
280	1.32345	15.0861	1
281	3.71491	6.05185	1
282	2.09148	6.95998	1
283	39.8089	6.95956	1
284	2.72924	11.9809	1
285	6.39472	9.81218	1
286	1.4848	7.91101	1
287	12.3377	11.7424	1
288	10.3199	7.27191	1
289	7.71313	11.1897	1
290	7.9426	12.3092	1
291	4.5108	10.2678	1
292	18.0387	7.6757	1
293	13.4253	11.3047	1
294	20.9359	10.5063	1
295	19.8232	10.5729	1
296	20.5805	15.6945	1
297	19.2161	12.794	1
298	20.6382	6.25097	1
299	22.3849	2.71298	1
300	21.4007	4.40616	1
301	21.4893	5.66651	1
302	23.354	4.38307	1
303	27.2574	10.4668	1
304	30.5262	8.11066	1
305	32.8071	11.5758	1
306	31.1105	12.9359	1
307	32.3489	14.4794	1
308	37.6348	9.19661	1
309	37.3082	14.1269	1
310	35.2097	5.67868	1
311	32.8683	4.83894	1
312	0.0600904	11.1917	1
313	37.0391	8.28555	1
314	37.5403	7.30779	1
315	2.45315	15.0634	1
316	38.8814	11.1771	1
317	6.35285	8.66311	1
318	1.43956	9.85287	1
319	2.61231	5.92891	1
320	2.46928	9.93394	1
321	3.07887	39.9331	1
322	11.3902	12.3194	1
323	12.3398	14.0663	1
324	13.9292	8.50612	1
325	13.354	15.8084	1
326	8.59755	10.3484	1
327	13.5347	10.2088	1
328	18.1636	13.1206	1
329	19.1312	7.75848	1
330	18.6883	10.8211	1
331	26.755	13.4829	1
332	22.8853	15.3775	1
333	20.258	9.61694	1
334	20.524	7.43278	1
335	26.3377	8.72966	1
336	21.5427	6.77065	1
337	27.7152	4.82858	1
338	30.0958	12.3287	1
339	30.1163	5.91393	1
340	32.9969	12.7775	1
341	33.2007	18.3348	1
342	32.0728	13.4398	1
343	37.7492	11.2586	1
344	33.8745	12.0005	1
345	34.914	12.4193	1
346	3.15595	15.9039	1
347	33.6244	10.7997	1
348	3.29784	13.0925	1
349	0.898856	6.97211	1
350	35.3726	6.78079	1
351	0.489192	12.2123	1
352	0.358687	7.96325	1
353	4.35982	9.06344	1
354	3.22098	7.04464	1
355	2.06204	8.94332	1
356	4.91994	12.4747	1
357	4.69401	11.3167	1
358	8.75396	11.5358	1
359	10.4765	11.5681	1
360	8.81506	17.2217	1
361	10.6046	10.4747	1
362	11.6767	10.0331	1
363	15.7567	19.9164	1
364	16.9327	7.76409	1
365	19.7051	8.6915	1
366	26.0093	14.4313	1
367	21.493	7.9977	1
368	24.915	14.2605	1
369	25.4223	3.43285	1
370	26.1955	10.9501	1
371	28.0903	11.1351	1
372	25.472	8.04309	1
373	27.7952	13.2711	1
374	32.4567	9.13909	1
375	29.1415	13.0114	1
376	29.1132	10.6716	1
377	31.1342	16.1955	1
378	31.9612	12.2882	1
379	35.2648	14.6113	1
380	34.6956	11.2818	1
381	34.0088	13.1242	1
382	3.86167	12.1133	1
383	36.0028	12.7239	1
384	39.7814	16.3684	1
385	36.2805	15.0194	1
386	1.10987	13.1231	1
387	3.03546	10.9484	1
388	5.36361	9.50204	1
389	6.8999	11.9646	1
390	2.28104	17.9976	1
391	7.18764	7.86154	1
392	13.2894	12.4236	1
393	6.68053	10.8977	1
394	9.16856	12.5066	1
395	10.3307	13.0018	1
396	18.0156	9.82095	1
397	13.366	13.5625	1
398	11.3022	7.89688	1
399	17.6115	10.8285	1
400	20.4664	11.4531	1
401	24.4027	13.2398	1
402	18.9922	17.2412	1
403	27.2661	9.23454	1
404	24.105	12.0883	1
405	25.3503	9.19603	1
406	25.6245	13.3277	1
407	26.2071	9.849	1
408	29.8306	17.7248	1
409	27.862	17.2894	1
410	21.6201	11.3615	1
411	31.0334	17.3625	1
412	32.215	18.932	1
413	33.4438	14.9675	1
414	34.6164	16.5057	1
415	35.1391	13.5302	1
416	34.2827	14.2247	1
417	36.836	17.1433	1
418	1.60119	11.9589	1
419	33.3635	7.06469	1
420	1.13192	18.1599	1
421	38.7488	9.18187	1
422	0.883267	21.2161	1
423	1.84353	14.1822	1
424	3.43568	14.6848	1
425	3.5365	9.846	1
426	4.84061	16.5497	1
427	3.18052	8.78277	1
428	11.295	13.5069	1
429	3.8328	16.8178	1
430	15.0988	18.935	1
431	12.2722	15.1918	1
432	14.5238	19.9552	1
433	16.8487	9.77524	1
434	16.5641	17.4791	1
435	19.7821	14.6956	1
436	19.37	11.6736	1
437	27.5469	15.1982	1
438	26.4136	15.5701	1
439	17.4546	15.5241	1
440	27.1137	11.6718	1
441	17.7568	17.4192	1
442	26.7186	17.4736	1
443	25.2726	15.387	1
444	30.35	15.4634	1
445	28.2171	16.1958	1
446	28.3919	19.195	1
447	33.2086	19.4899	1
448	29.5281	18.7716	1
449	30.2007	13.5141	1
450	38.3887	14.5708	1
451	1.90132	10.8831	1
452	2.19066	13.0195	1
453	34.25	6.36496	1
454	5.67452	17.2835	1
455	2.67699	16.9122	1
456	39.9962	18.2713	1
457	10.5327	18.7479	1
458	6.62668	17.9363	1
459	5.25162	13.5994	1
460	12.3446	12.9152	1
461	6.01853	12.7872	1
462	10.4593	17.4691	1
463	7.09125	13.0052	1
464	4.2263	15.6559	1
465	11.3366	16.8297	1
466	18.2169	16.4318	1
467	12.5439	10.7132	1
468	5.35783	15.4425	1
469	13.4017	17.0053	1
470	18.4644	14.9553	1
471	24.1024	15.3571	1
472	16.7186	14.79	1
473	21.1996	16.5982	1
474	21.9041	17.4772	1
475	28.6796	15.0138	1
476	30.1356	16.5599	1
477	21.1021	20.8106	1
478	27.0992	16.416	1
479	29.2742	15.9129	1
480	32.2601	17.7859	1
481	33.2357	13.8907	1
482	32.1954	16.657	1
483	29.0088	16.9748	1
484	37.4194	15.271	1
485	34.4304	15.3514	1
486	35.4641	15.7184	1
487	37.1469	13.0057	1
488	37.0478	20.6377	1
489	0.916112	16.2049	1
490	5.76331	11.6921	1
491	8.44297	18.3719	1
492	4.19364	18.7539	1
493	7.96923	20.5215	1
494	10.3191	16.3512	1
495	2.96626	18.8532	1
496	10.3907	15.2585	1
497	11.441	11.1349	1
498	10.3289	14.1194	1
499	16.2103	18.5882	1
500	7.42281	18.6885	1
501	17.5964	20.3388	1
502	13.6284	21.7044	1
503	15.5259	14.9593	1
504	20.4205	18.8961	1
505	14.2634	12.8358	1
506	21.705	15.4537	1
507	22.2966	16.4094	1
508	21.1476	19.7238	1
509	24.6746	16.3427	1
510	23.5011	16.3527	1
511	21.5078	18.6123	1
512	27.571	18.3624	1
513	20.7543	17.7328	1
514	26.9363	21.9071	1
515	32.4301	15.6236	1
516	36.5539	16.0803	1
517	32.2701	20.0226	1
518	34.1277	17.7462	1
519	34.2804	21.2594	1
520	38.1809	13.4128	1
521	39.34	17.3424	1
522	33.1808	17.1857	1
523	2.03539	16.0064	1
524	38.691	16.5091	1
525	4.59453	17.6578	1
526	1.38285	20.1649	1
527	5.05419	24.3935	1
528	5.27344	19.4546	1
529	3.43784	17.8124	1
530	10.417	19.903	1
531	9.53808	19.2518	1
532	11.319	14.6404	1
533	12.3637	16.2355	1
534	10.2322	22.6424	1
535	12.3535	17.3415	1
536	15.8997	21.7639	1
537	15.4225	17.7802	1
538	15.1654	20.9132	1
539	16.2792	15.7766	1
540	19.3352	19.2005	1
541	17.7241	14.1339	1
542	18.9587	13.913	1
543	22.1198	20.2886	1
544	25.7717	16.4082	1
545	22.5992	18.3765	1
546	28.6735	18.019	1
547	25.2418	17.3904	1
548	25.12	20.4583	1
549	31.9436	24.4463	1
550	33.83	27.9177	1
551	27.9098	21.4744	1
552	32.7411	25.2243	1
553	32.2554	21.1434	1
554	31.2326	19.5228	1
555	38.0577	12.281	1
556	39.278	12.1378	1
557	36.3051	19.0401	1
558	1.54629	17.0696	1
559	36.2127	18.0005	1
560	37.2691	19.5232	1
561	0.462426	17.2781	1
562	2.00059	21.1842	1
563	6.14197	20.245	1
564	8.31916	13.3445	1
565	6.32111	19.0753	1
566	11.398	18.0155	1
567	8.22793	19.4461	1
568	14.354	24.0633	1
569	12.353	21.6689	1
570	15.0912	23.1113	1
571	14.6725	25.3653	1
572	11.4705	20.6335	1
573	19.3098	20.9181	1
574	17.1466	21.354	1
575	9.5769	18.1438	1
576	13.2544	14.6445	1
577	18.0153	19.2847	1
578	24.1251	20.9833	1
579	19.6838	18.1006	1
580	22.1057	22.5179	1
581	27.82	22.6335	1
582	27.1005	20.7699	1
583	26.2012	20.0423	1
584	25.9222	22.3139	1
585	28.8514	22.2858	1
586	34.9108	27.7951	1
587	33.8547	23.4002	1
588	35.1725	20.6455	1
589	35.6994	16.824	1
590	34.6284	25.7989	1
591	33.5067	16.0826	1
592	34.1837	18.9136	1
593	38.5911	18.3588	1
594	39.1909	20.4004	1
595	39.5877	19.3343	1
596	38.0781	20.4002	1
597	2.51359	20.0265	1
598	7.97176	23.4104	1
599	6.60969	21.7935	1
600	0.691065	19.2171	1
601	2.63401	24.4696	1
602	9.16666	22.9415	1
603	11.4233	19.3736	1
604	14.9255	26.482	1
605	13.21	23.6407	1
606	15.7601	30.9701	1
607	11.0416	23.5662	1
608	16.7742	19.5476	1
609	18.8975	30.9378	1
610	18.6074	18.3524	1
611	18.6842	20.1142	1
612	20.5756	26.3872	1
613	18.9631	22.0643	1
614	21.103	21.9888	1
615	25.1107	19.3502	1
616	26.7336	23.0627	1
617	29.2158	20.0053	1
618	28.8895	21.0343	1
619	33.3072	20.5648	1
620	29.7685	25.5367	1
621	29.2418	28.6876	1
622	32.9992	24.1299	1
623	36.9038	25.5802	1
624	33.5123	26.006	1
625	38.0526	17.4035	1
626	37.6179	16.3786	1
627	36.1366	24.7639	1
628	39.7838	21.3172	1
629	38.5968	21.378	1
630	5.42314	18.3636	1
631	38.4688	24.4222	1
632	0.373694	24.9605	1
633	3.04448	26.3501	1
634	2.54453	22.3668	1
635	7.23051	19.7144	1
636	8.02757	24.6594	1
637	11.3232	15.7932	1
638	9.2082	25.1791	1
639	12.1289	23.355	1
640	10.6031	28.9018	1
641	14.778	21.946	1
642	17.7294	27.1156	1
643	14.0072	22.8293	1
644	17.3136	18.4018	1
645	12.9409	22.5845	1
646	19.6013	25.8811	1
647	23.1287	21.6674	1
648	20.2203	21.4314	1
649	27.6471	25.1104	1
650	25.4035	23.7594	1
651	26.0308	21.139	1
652	28.5195	24.5061	1
653	28.1006	20.2849	1
654	30.9667	27.9091	1
655	31.5977	25.6095	1
656	32.859	28.5307	1
657	28.7849	29.7881	1
658	38.4665	19.421	1
659	1.06564	28.7614	1
660	35.1469	18.3079	1
661	34.2732	26.8989	1
662	35.0232	24.7448	1
663	37.4552	18.375	1
664	35.1938	19.4275	1
665	35.1319	21.8545	1
666	0.335087	22.2485	1
667	6.26435	26.0035	1
668	1.44803	22.2866	1
669	8.93742	24.0303	1
670	7.69895	17.5633	1
671	6.02936	23.7076	1
672	11.4695	22.4487	1
673	12.7274	25.7068	1
674	10.1543	25.9366	1
675	20.5945	24.5164	1
676	18.6011	25.372	1
677	12.2844	26.6561	1
678	20.0525	22.5085	1
679	17.8184	22.2756	1
680	18.747	27.6563	1
681	22.0586	21.4656	1
682	25.0389	21.6292	1
683	24.1307	17.2622	1
684	26.5158	25.245	1
685	22.8923	26.2281	1
686	25.7053	28.655	1
687	24.4603	24.4952	1
688	27.2639	19.5634	1
689	24.4842	25.6821	1
690	29.8381	27.6153	1
691	30.3805	26.6404	1
692	33.8083	24.9317	1
693	32.4138	26.2914	1
694	34.8354	29.621	1
695	37.3025	24.4982	1
696	34.0503	31.4206	1
697	38.4246	27.2819	1
698	36.1026	20.1307	1
699	35.755	25.8056	1
700	5.51232	27.7164	1
701	38.022	25.4025	1
702	7.15319	24.0866	1
703	3.78927	24.2552	1
704	5.83562	22.6652	1
705	6.91837	22.9889	1
706	13.7853	26.0811	1
707	8.80865	30.3287	1
708	13.804	30.3317	1
709	16.7216	27.6362	1
710	16.6149	26.5798	1
711	16.4134	31.8481	1
712	17.6241	26.0044	1
713	15.8459	25.6494	1
714	18.9928	29.8894	1
715	18.6226	26.4912	1
716	23.1701	22.8374	1
717	20.1227	20.1729	1
718	22.9672	17.3403	1
719	24.0626	22.1358	1
720	24.0897	19.8999	1
721	22.986	30.3218	1
722	25.4661	24.9193	1
723	27.5495	27.612	1
724	24.9941	22.7583	1
725	26.4728	24.1367	1
726	32.0802	27.7334	1
727	28.1993	26.6687	1
728	31.4515	26.7969	1
729	32.8153	23.0593	1
730	36.4958	29.4848	1
731	39.9547	26.0214	1
732	0.237859	20.2255	1
733	38.8018	26.2437	1
734	3.36657	25.2843	1
735	3.35952	28.219	1
736	1.50999	24.6983	1
737	6.4374	27.1548	1
738	3.07333	23.3978	1
739	7.16278	25.3409	1
740	4.88423	23.343	1
741	13.6354	24.9009	1
742	11.2951	26.1458	1
743	9.11964	26.2848	1
744	14.148	27.2458	1
745	16.5847	28.7657	1
746	19.7337	28.1551	1
747	18.6061	33.1985	1
748	16.8682	30.7998	1
749	17.7491	31.4831	1
750	23.2775	24.0832	1
751	24.6853	27.7734	1
752	24.1606	23.4724	1
753	23.5885	27.0784	1
754	21.0607	23.2535	1
755	21.5312	26.8422	1
756	23.7944	31.1017	1
757	20.7038	28.6532	1
758	29.2543	26.6512	1
759	27.0161	28.5626	1
760	33.8494	29.0536	1
761	32.0117	31.4253	1
762	31.041	29.6521	1
763	39.5758	27.1024	1
764	36.0187	27.6485	1
765	35.6592	28.6776	1
766	34.2778	20.0956	1
767	33.0297	27.1704	1
768	36.1395	21.2234	1
769	2.27599	25.5523	1
770	6.48559	28.3341	1
771	8.61059	29.2031	1
772	4.15682	26.1127	1
773	5.23186	25.6041	1
774	8.47491	28.0184	1
775	1.93864	23.5082	1
776	8.17681	25.7659	1
777	10.2531	24.7547	1
778	9.94366	23.7071	1
779	18.2328	21.2372	1
780	17.7451	28.2498	1
781	19.6128	39.3738	1
782	20.8976	31.0161	1
783	18.6982	32.0207	1
784	18.8212	28.7592	1
785	20.6037	27.4254	1
786	21.5567	27.9832	1
787	19.6019	27.0352	1
788	19.9247	30.4464	1
789	21.7077	31.7898	1
790	19.8285	29.2489	1
791	28.1174	28.5764	1
792	21.8909	30.6659	1
793	22.5498	32.5363	1
794	27.5772	23.7641	1
795	31.9836	30.2323	1
796	25.3336	29.6937	1
797	36.722	32.1229	1
798	33.8758	30.229	1
799	35.0509	30.7501	1
800	39.9406	33.2234	1
801	39.2537	25.2196	1
802	1.14393	25.7643	1
803	0.2745	27.9935	1
804	2.22571	28.4989	1
805	5.16915	26.7062	1
806	9.50206	28.5063	1
807	1.42444	27.6993	1
808	3.71946	27.1972	1
809	1.84394	19.0062	1
810	7.43939	27.6161	1
811	6.14926	24.9195	1
812	12.7654	30.8695	1
813	11.6837	29.3421	1
814	13.0332	27.5103	1
815	15.3387	31.9549	1
816	15.9388	36.0924	1
817	16.1951	29.9071	1
818	23.4822	25.1899	1
819	20.5021	33.3064	1
820	26.4702	29.5842	1
821	27.2112	26.1962	1
822	23.3377	29.2447	1
823	19.8211	31.5726	1
824	20.3583	34.4985	1
825	21.5091	32.8957	1
826	26.2989	36.4988	1
827	24.5052	33.0105	1
828	28.7114	27.6352	1
829	30.0592	32.7824	1
830	30.0659	31.3803	1
831	30.9951	32.0323	1
832	37.5632	29.2805	1
833	32.9522	30.8008	1
834	36.8438	28.475	1
835	37.5763	31.3345	1
836	36.9849	33.2167	1
837	36.5429	26.6663	1
838	39.0796	28.191	1
839	4.42758	27.9944	1
840	39.842	29.0305	1
841	9.37375	27.3587	1
842	7.59031	28.7419	1
843	1.80738	26.661	1
844	10.7226	29.9628	1
845	11.6123	32.6005	1
846	12.6755	29.7832	1
847	14.1896	35.1455	1
848	11.4315	31.4642	1
849	11.7404	34.7177	1
850	7.22936	26.4646	1
851	12.6778	32.0387	1
852	17.9343	30.283	1
853	21.7013	29.1014	1
854	21.4937	38.8458	1
855	19.6597	32.6296	1
856	23.6862	28.1442	1
857	20.8566	29.814	1
858	22.5321	27.2987	1
859	19.5313	33.7718	1
860	26.9593	33.5607	1
861	24.5737	28.8432	1
862	30.3285	28.7403	1
863	35.8557	32.8277	1
864	28.6218	25.6814	1
865	31.3102	34.4899	1
866	32.9311	29.6443	1
867	31.0061	30.7384	1
868	36.0315	31.271	1
869	35.3647	26.7685	1
870	37.9387	28.2427	1
871	0.659159	26.9202	1
872	6.70716	29.5272	1
873	4.86551	29.8891	1
874	6.19567	31.3897	1
875	6.37921	32.5086	1
876	3.7952	30.0949	1
877	2.9851	1.51211	1
878	0.50589	35.4584	1
879	6.94078	30.6474	1
880	10.4121	31.9832	1
881	10.4465	27.0094	1
882	7.97451	31.0757	1
883	8.56262	33.2696	1
884	14.8183	34.0327	1
885	16.8981	33.5365	1
886	6.97864	37.3543	1
887	13.6538	31.4721	1
888	13.6578	32.5788	1
889	14.7243	32.9467	1
890	14.6661	31.0654	1
891	19.7928	36.1849	1
892	20.4199	38.5143	1
893	20.6731	32.2249	1
894	20.0436	37.3144	1
895	20.8953	36.6176	1
896	25.8367	37.5143	1
897	30.0072	30.2737	1
898	33.244	34.1765	1
899	31.9356	32.5918	1
900	24.2859	29.9219	1
901	38.0401	33.5468	1
902	34.7973	36.6556	1
903	37.6268	26.4452	1
904	38.7044	29.2097	1
905	37.8151	32.4776	1
906	32.571	36.0692	1
907	0.725491	29.8102	1
908	5.40408	28.8666	1
909	39.0847	34.0036	1
910	5.87832	30.3095	1
911	6.69797	34.5503	1
912	4.99241	37.1371	1
913	2.73117	30.3603	1
914	5.94532	37.7897	1
915	10.5443	33.0542	1
916	8.22469	26.8593	1
917	9.6435	29.5956	1
918	9.33654	32.4715	1
919	9.77724	34.7968	1
920	12.6823	33.153	1
921	11.7488	35.8186	1
922	12.7368	34.3137	1
923	15.9342	34.1439	1
924	12.692	28.6786	1
925	14.9974	29.9961	1
926	15.88	33.018	1
927	21.3527	33.9952	1
928	19.3149	34.9346	1
929	22.2038	38.0564	1
930	23.6165	32.1638	1
931	24.4143	38.6362	1
932	22.6053	28.445	1
933	33.0329	33.0745	1
934	31.7505	28.8003	1
935	24.6272	31.8696	1
936	23.4262	33.2839	1
937	37.1973	34.342	1
938	39.3665	35.1249	1
939	28.6042	34.5844	1
940	36.1853	33.9127	1
941	35.1429	33.6314	1
942	36.4281	35.1476	1
943	4.12228	29.0734	1
944	7.7805	29.9776	1
945	2.5702	27.4289	1
946	1.00241	33.5421	1
947	7.20262	31.7952	1
948	11.6975	33.6435	1
949	6.65031	39.7335	1
950	9.08677	31.351	1
951	7.30761	32.9431	1
952	9.63358	33.6665	1
953	8.78949	34.3534	1
954	13.7458	33.6899	1
955	7.94461	2.35488	1
956	16.4609	35.1264	1
957	10.6533	34.1403	1
958	15.4012	37.1121	1
959	12.6123	38.2475	1
960	15.3153	35.1038	1
961	18.2504	35.3298	1
962	22.8274	0.195902	1
963	18.4114	34.2268	1
964	23.6186	39.4015	1
965	24.3325	34.0662	1
966	28.2075	0.727778	1
967	22.7497	31.3574	1
968	26.3498	34.5639	1
969	27.6152	29.5459	1
970	32.9124	31.9686	1
971	28.0826	33.5832	1
972	29.2159	33.6201	1
973	32.5133	0.189679	1
974	33.6385	36.4406	1
975	33.4556	35.3058	1
976	39.6079	32.0405	1
977	38.9284	32.8613	1
978	3.01025	29.2748	1
979	11.7484	30.4479	1
980	32.8662	37.2065	1
981	3.1585	36.9146	1
982	0.821774	36.5973	1
983	5.33603	34.5588	1
984	0.850865	37.8388	1
985	14.335	37.1843	1
986	7.80634	1.26587	1
987	5.54744	39.3559	1
988	5.86047	0.398123	1
989	12.8393	35.4181	1
990	13.2764	37.2642	1
991	13.6476	36.2069	1
992	15.5828	39.2409	1
993	12.5528	36.4924	1
994	20.1527	1.60411	1
995	25.3569	1.89211	1
996	19.8597	0.428755	1
997	16.5862	36.9879	1
998	25.3626	33.8014	1
999	24.8908	30.7627	1
1000	26.9077	35.5761	1
1001	27.3273	1.36574	1
1002	25.7505	35.5579	1
1003	31.1036	33.3455	1
1004	32.1208	33.7618	1
1005	25.5873	38.7147	1
1006	30.2542	36.725	1
1007	35.1015	31.8985	1
1008	33.2523	38.2979	1
1009	23.1054	37.2855	1
1010	34.0075	37.4506	1
1011	6.03674	33.561	1
1012	35.3959	34.7832	1
1013	38.1988	34.7148	1
1014	38.6123	35.936	1
1015	34.2763	34.4854	1
1016	1.86865	29.5612	1
1017	0.160387	34.3757	1
1018	5.15859	36.0644	1
1019	4.92956	38.3622	1
1020	4.85303	1.08337	1
1021	7.73141	33.9937	1
1022	14.8168	36.1272	1
1023	20.9129	0.789019	1
