0	34.564	35.5565	1
1	38.988	39.1077	1
2	2.04433	39.2615	1
3	6.04092	35.3022	1
4	6.8446	38.5116	1
5	1.0902	39.9599	1
6	8.00859	37.8505	1
7	12.2215	5.51965	1
8	17.4773	39.9191	1
9	4.11012	1.93984	1
10	18.4399	39.3393	1
11	18.6406	0.375285	1
12	13.469	38.8871	1
13	17.1304	36.1569	1
14	13.2266	3.40565	1
15	13.7085	0.121548	1
16	14.5184	39.3911	1
17	21.7606	39.6286	1
18	22.3603	33.707	1
19	26.9536	37.4749	1
20	25.9049	39.8264	1
21	27.1965	0.399988	1
22	28.7567	30.6118	1
23	26.5582	3.15192	1
24	27.6055	38.3883	1
25	30.3621	34.0406	1
26	27.5546	34.5923	1
27	31.7419	38.0589	1
28	30.8781	37.3534	1
29	28.0679	35.5884	1
30	34.8294	39.5235	1
31	31.6356	35.7507	1
32	36.0788	36.9538	1
33	2.99016	38.0902	1
34	39.1818	6.10868	1
35	6.91716	0.869092	1
36	4.07974	36.3311	1
37	8.24369	32.0008	1
38	8.21912	7.10796	1
39	6.50805	3.75053	1
40	5.62765	5.67725	1
41	5.21015	2.27059	1
42	14.6591	38.1367	1
43	9.04147	1.60411	1
44	8.82659	4.59823	1
45	16.0341	38.0623	1
46	16.5446	39.1371	1
47	10.0231	0.972233	1
48	17.4021	3.78438	1
49	14.4763	5.26511	1
50	16.4612	2.1784	1
51	24.6866	39.557	1
52	21.7868	36.8345	1
53	20.9123	37.5355	1
54	26.4765	2.08803	1
55	29.1349	36.9393	1
56	22.5194	38.8095	1
57	23.6138	2.49037	1
58	24.8698	2.90255	1
59	24.5095	3.98132	1
60	27.3618	36.4788	1
61	29.8608	37.8412	1
62	29.4501	1.29142	1
63	0.135393	0.797314	1
64	35.4271	37.7786	1
65	32.417	34.9758	1
66	39.8617	38.5047	1
67	36.5662	38.1817	1
68	0.820861	32.5113	1
69	39.6664	37.2479	1
70	33.7453	39.3256	1
71	0.657383	2.00325	1
72	2.4233	4.78291	1
73	4.37327	35.0607	1
74	4.30165	2.99801	1
75	6.07378	1.53921	1
76	0.329782	3.81457	1
77	7.74935	0.103101	1
78	11.5835	39.3896	1
79	7.48359	3.04621	1
80	11.7326	8.83167	1
81	20.6085	39.6235	1
82	15.3996	1.71357	1
83	14.0913	1.32019	1
84	14.3719	3.26714	1
85	15.3998	3.89775	1
86	17.2077	6.96893	1
87	23.3664	38.097	1
88	23.1993	1.14426	1
89	22.4408	5.08993	1
90	17.4857	4.85832	1
91	27.5421	2.61756	1
92	30.4265	0.735817	1
93	22.4033	3.99117	1
94	26.1573	0.930881	1
95	30.7581	38.5334	1
96	30.7375	4.28033	1
97	29.6547	38.8964	1
98	28.0776	37.3563	1
99	2.08782	36.2402	1
100	37.113	39.2657	1
101	28.7871	5.39683	1
102	37.1078	1.12382	1
103	39.3757	36.2179	1
104	38.8206	2.55546	1
105	6.02671	36.6841	1
106	31.9057	36.8011	1
107	2.10616	0.458798	1
108	3.17681	35.7527	1
109	3.14254	2.48259	1
110	0.876441	8.95374	1
111	7.60588	4.13323	1
112	4.54403	4.0555	1
113	8.88849	0.44192	1
114	13.3829	5.40648	1
115	14.0921	6.33206	1
116	14.8441	0.458814	1
117	16.4142	3.22738	1
118	17.4594	2.67962	1
119	21.3509	3.42964	1
120	18.4465	3.22963	1
121	21.4026	2.23692	1
122	18.578	4.35058	1
123	19.3578	2.45239	1
124	15.4669	2.77475	1
125	25.0036	0.679055	1
126	20.4078	4.04397	1
127	23.3924	3.55224	1
128	26.6969	4.31536	1
129	31.5577	39.2581	1
130	28.5338	8.52902	1
131	34.9574	3.4873	1
132	31.4468	0.424472	1
133	28.7693	38.144	1
134	35.6768	35.8906	1
135	36.8191	3.31982	1
136	33.9456	4.16058	1
137	0.0858359	39.5602	1
138	39.202	1.46154	1
139	38.6492	7.07775	1
140	1.90261	1.959	1
141	0.973234	38.8284	1
142	4.6074	5.18776	1
143	3.918	37.4945	1
144	2.3025	3.18613	1
145	3.38705	3.60989	1
146	9.91808	5.02739	1
147	10.7224	35.4609	1
148	5.58512	4.48637	1
149	12.7228	39.6878	1
150	8.52041	3.47194	1
151	12.791	4.4886	1
152	15.19	6.08172	1
153	16.4153	4.3822	1
154	16.1714	9.0015	1
155	15.5801	4.99357	1
156	24.2088	1.49326	1
157	19.1674	1.3455	1
158	23.9224	0.347266	1
159	28.5918	3.10004	1
160	29.4399	2.41553	1
161	30.5423	39.6192	1
162	29.464	0.0206636	1
163	29.059	11.7302	1
164	32.5927	38.9188	1
165	28.653	6.5049	1
166	28.4636	1.93904	1
167	30.8237	5.45788	1
168	31.4075	6.40018	1
169	31.5437	3.53117	1
170	30.5682	7.14372	1
171	34.5347	38.4599	1
172	37.7079	4.00388	1
173	38.7942	37.9836	1
174	0.866578	4.96726	1
175	39.1285	10.1343	1
176	1.21047	1.10912	1
177	7.15949	1.97289	1
178	3.96955	0.888995	1
179	5.44273	3.39477	1
180	13.8593	4.35133	1
181	10.7708	9.2772	1
182	8.26762	9.22537	1
183	39.8575	2.75031	1
184	7.84246	5.32933	1
185	13.3498	2.20672	1
186	9.6194	3.79874	1
187	12.6837	9.56818	1
188	16.5148	5.5583	1
189	25.112	12.2481	1
190	12.7261	8.40423	1
191	19.2237	9.59379	1
192	22.509	7.35755	1
193	18.4666	6.77567	1
194	19.4284	3.62734	1
195	27.7276	5.85751	1
196	27.6417	3.66849	1
197	28.9279	4.26097	1
198	30.0145	10.3925	1
199	32.7729	10.4414	1
200	30.2794	3.26745	1
201	28.3025	9.61873	1
202	37.9039	38.5063	1
203	35.8388	2.70268	1
204	34.9106	4.66657	1
205	31.6668	7.60325	1
206	32.4412	6.7566	1
207	38.1082	1.73925	1
208	39.2746	8.04538	1
209	39.0842	0.281554	1
210	34.4286	7.55537	1
211	38.1687	8.12409	1
212	1.49957	5.83146	1
213	0.260381	10.0817	1
214	3.55657	4.74005	1
215	4.74454	6.31938	1
216	11.4323	6.55055	1
217	9.64726	10.7482	1
218	8.75828	6.05271	1
219	9.34298	2.70934	1
220	7.54159	10.109	1
221	6.27429	2.63216	1
222	10.1819	8.24285	1
223	9.65779	9.60694	1
224	14.4885	7.34664	1
225	19.9871	13.7022	1
226	19.5602	4.71473	1
227	19.6267	6.92994	1
228	20.7228	14.6983	1
229	19.1223	5.88916	1
230	27.5472	6.9603	1
231	22.4221	6.19733	1
232	30.4091	1.9495	1
233	29.3434	9.44977	1
234	27.4295	8.19977	1
235	31.2665	14.1964	1
236	32.2194	5.67658	1
237	31.842	8.74312	1
238	29.4923	7.2257	1
239	29.6753	8.32227	1
240	34.079	5.35708	1
241	36.9947	2.19938	1
242	33.2299	5.96505	1
243	37.8665	2.89303	1
244	0.33173	5.99277	1
245	1.54016	4.08932	1
246	39.7896	9.13525	1
247	1.24369	2.93897	1
248	7.24809	8.97447	1
249	2.62365	7.89528	1
250	9.3305	7.49881	1
251	8.1921	8.1697	1
252	9.31667	13.7773	1
253	5.63229	10.7322	1
254	13.3693	7.44016	1
255	9.1578	8.61886	1
256	12.2615	7.35202	1
257	17.3585	8.96637	1
258	12.9748	6.4402	1
259	18.3596	11.8956	1
260	26.5273	7.5754	1
261	23.6285	14.1686	1
262	18.4201	8.78469	1
263	20.486	5.24278	1
264	23.4369	5.74934	1
265	20.3738	2.93855	1
266	24.4683	5.04652	1
267	23.4336	6.81301	1
268	26.2648	12.4341	1
269	30.4309	9.39898	1
270	31.5028	15.3321	1
271	28.026	12.2672	1
272	38.0838	39.7883	1
273	35.9078	11.6591	1
274	29.8464	4.98004	1
275	32.6997	7.99658	1
276	36.9066	11.9921	1
277	36.2594	13.8446	1
278	38.0329	10.048	1
279	31.7826	4.67194	1
280	1.24513	15.2718	1
281	3.75058	5.85859	1
282	2.04767	6.81433	1
283	39.7701	6.99743	1
284	2.69284	12.0059	1
285	6.44769	9.9246	1
286	1.49787	7.90823	1
287	12.4988	11.8486	1
288	10.4382	7.15872	1
289	7.95482	11.1619	1
290	8.13344	12.3448	1
291	4.50501	10.5078	1
292	17.8135	7.84259	1
293	13.5689	11.4814	1
294	20.9529	10.3213	1
295	19.8605	10.68	1
296	20.2849	15.8622	1
297	19.121	12.8855	1
298	20.5712	6.32373	1
299	22.5429	2.87775	1
300	21.4007	4.60259	1
301	21.5321	5.68888	1
302	23.4304	4.66098	1
303	27.1934	10.5601	1
304	30.8267	8.36527	1
305	32.8442	11.6513	1
306	30.993	13.0079	1
307	32.4432	14.7203	1
308	37.5171	9.03387	1
309	37.3732	14.1656	1
310	35.199	5.73386	1
311	33.0528	4.78718	1
312	39.5261	11.2823	1
313	37.0133	8.01169	1
314	37.5788	7.02767	1
315	2.3247	15.0996	1
316	38.4527	11.2367	1
317	6.14695	8.83587	1
318	1.48814	10.0985	1
319	2.63412	5.89428	1
320	2.59249	9.92189	1
321	3.16573	0.142958	1
322	11.349	12.23	1
323	12.1985	14.0584	1
324	13.9027	8.39298	1
325	13.662	15.6731	1
326	8.63483	10.2882	1
327	13.6645	10.2412	1
328	18.0182	13.1151	1
329	18.9033	7.79954	1
330	18.7892	10.7217	1
331	26.5627	13.5012	1
332	22.7175	15.3703	1
333	20.3022	9.31442	1
334	20.5833	7.43476	1
335	26.3075	8.71387	1
336	21.5121	6.80664	1
337	27.8921	4.73658	1
338	30.0039	12.2578	1
339	29.7144	6.13436	1
340	33.0641	12.8453	1
341	33.0459	18.4453	1
342	32.175	13.5593	1
343	37.3308	10.8895	1
344	33.9153	12.0723	1
345	35.0299	12.4066	1
346	3.10848	15.8669	1
347	33.693	10.9607	1
348	3.26181	12.9476	1
349	0.927162	6.90841	1
350	35.3964	6.91597	1
351	0.278598	12.0771	1
352	0.384594	7.98263	1
353	4.45865	9.00694	1
354	3.15469	6.86139	1
355	2.03539	8.99708	1
356	4.94575	12.7715	1
357	4.92557	11.5573	1
358	8.95997	11.6076	1
359	10.4802	11.532	1
360	8.78171	17.4301	1
361	10.6747	10.4086	1
362	11.7112	10.0311	1
363	15.5435	19.8496	1
364	16.6986	8.01275	1
365	19.9504	8.27197	1
366	25.8399	14.3693	1
367	21.5453	8.03882	1
368	24.7337	14.3664	1
369	25.6607	3.81388	1
370	26.1329	11.212	1
371	28.0765	11.1941	1
372	25.378	7.92296	1
373	27.8506	13.3957	1
374	32.9137	9.33537	1
375	28.9797	12.8993	1
376	28.9596	10.4874	1
377	31.1716	16.4161	1
378	31.9933	12.4703	1
379	35.3867	14.6075	1
380	34.7434	11.3394	1
381	34.1154	13.2397	1
382	3.8355	11.9018	1
383	36.1019	12.7925	1
384	39.861	16.4932	1
385	36.4259	14.975	1
386	0.861062	13.0515	1
387	3.22604	10.949	1
388	5.35059	9.62786	1
389	7.16063	11.9398	1
390	2.30258	18.1796	1
391	7.0914	7.84966	1
392	13.3515	12.5966	1
393	6.75648	10.9001	1
394	9.13403	12.7455	1
395	10.3855	12.8271	1
396	18.088	9.88866	1
397	13.1681	13.6466	1
398	11.3481	7.83597	1
399	17.7092	11.0245	1
400	20.6385	11.4127	1
401	24.3909	13.2316	1
402	18.6759	17.2416	1
403	27.2544	9.31907	1
404	24.0161	12.1443	1
405	24.6327	8.8412	1
406	25.4808	13.3689	1
407	26.3109	9.90343	1
408	29.8476	17.7268	1
409	27.8503	17.1756	1
410	21.7182	11.1112	1
411	31.1715	17.4806	1
412	32.0846	19.0878	1
413	33.468	15.1181	1
414	34.7654	16.6041	1
415	35.1568	13.5183	1
416	34.277	14.3702	1
417	36.9672	17.2286	1
418	1.49792	12.0202	1
419	33.4789	7.06191	1
420	1.1568	18.292	1
421	38.6661	9.1288	1
422	1.05357	21.3591	1
423	1.41608	13.9937	1
424	3.33887	14.6904	1
425	3.66018	9.84621	1
426	4.86539	16.3936	1
427	3.14003	8.92596	1
428	11.2819	13.4392	1
429	3.82929	16.7154	1
430	14.959	18.8939	1
431	12.7949	15.0457	1
432	14.4918	19.9216	1
433	16.9249	10.0525	1
434	16.4416	17.3502	1
435	19.59	14.9313	1
436	19.4385	11.7646	1
437	27.592	15.1541	1
438	26.4296	15.3367	1
439	17.4773	15.3224	1
440	27.0964	11.6969	1
441	17.6077	17.3287	1
442	26.6656	17.3092	1
443	25.2728	15.5091	1
444	30.4465	15.5555	1
445	28.302	16.0628	1
446	28.4957	19.1102	1
447	33.0914	19.595	1
448	29.5409	18.7478	1
449	29.9432	13.4213	1
450	38.4115	14.4898	1
451	2.07839	11.0058	1
452	2.08696	12.9344	1
453	34.3556	6.4585	1
454	5.71872	17.1952	1
455	2.80206	16.9945	1
456	0.0788502	18.4297	1
457	10.6637	18.7667	1
458	6.54905	17.9101	1
459	5.33357	13.882	1
460	12.2876	12.925	1
461	6.06181	12.9848	1
462	10.6734	17.5866	1
463	7.22786	12.956	1
464	4.15179	15.5638	1
465	11.7462	16.9703	1
466	17.9849	16.3162	1
467	12.5541	10.7406	1
468	5.35181	15.2957	1
469	13.572	16.8427	1
470	18.4855	15.0678	1
471	23.9754	15.3348	1
472	16.7662	14.4913	1
473	21.118	16.6885	1
474	21.7614	17.5647	1
475	28.6927	15.0046	1
476	30.1249	16.6779	1
477	21.0594	20.8952	1
478	27.2181	16.2294	1
479	29.4016	15.8086	1
480	32.1081	17.9701	1
481	33.2158	14.0338	1
482	32.1463	16.7942	1
483	29.0088	16.985	1
484	37.5155	15.3203	1
485	34.5599	15.5092	1
486	35.6172	15.6756	1
487	37.1857	13.0588	1
488	36.9765	20.8109	1
489	0.924961	16.4152	1
490	5.97155	11.8299	1
491	8.44692	18.5845	1
492	4.17021	18.7087	1
493	7.61464	20.6967	1
494	10.714	16.5424	1
495	3.09218	19.0023	1
496	10.444	15.3633	1
497	11.5182	11.1344	1
498	10.3101	14.1933	1
499	15.9774	18.5937	1
500	7.29235	18.7438	1
501	17.356	20.3812	1
502	13.7266	21.531	1
503	15.6268	14.9257	1
504	20.2013	19.0492	1
505	14.1963	13.395	1
506	21.4376	15.5983	1
507	22.1494	16.4577	1
508	21.0873	19.7579	1
509	24.5603	16.3287	1
510	23.3386	16.3418	1
511	21.3529	18.6555	1
512	27.5572	18.3754	1
513	20.5544	17.783	1
514	27.0119	21.8394	1
515	32.6641	15.8051	1
516	36.5988	16.1183	1
517	32.1249	20.2265	1
518	34.1488	17.821	1
519	34.1033	21.2427	1
520	38.2631	13.3751	1
521	39.2928	17.4311	1
522	33.1255	17.2771	1
523	1.9915	16.1649	1
524	38.7757	16.4184	1
525	4.54878	17.5302	1
526	1.4712	20.288	1
527	4.66432	24.4479	1
528	5.07735	19.379	1
529	3.39241	17.921	1
530	10.4458	20.1935	1
531	9.44904	19.373	1
532	11.2632	14.6496	1
533	12.6745	16.2042	1
534	10.5271	22.7028	1
535	12.7315	17.571	1
536	15.8941	21.8608	1
537	15.3985	17.5461	1
538	15.0074	20.9476	1
539	16.4934	15.7346	1
540	19.0844	19.2139	1
541	17.8427	14.1466	1
542	18.942	13.9689	1
543	22.1004	20.3361	1
544	26.0974	16.3644	1
545	22.446	18.5799	1
546	28.5809	18.0263	1
547	25.257	17.1492	1
548	25.324	20.3968	1
549	31.6122	24.3744	1
550	33.8172	27.8736	1
551	28.088	21.4048	1
552	32.6185	24.9772	1
553	32.2983	21.5527	1
554	31.0583	19.6477	1
555	38.0296	12.2992	1
556	39.2254	12.2942	1
557	36.2378	19.0348	1
558	1.67342	17.2466	1
559	36.1252	17.9062	1
560	37.2255	19.6231	1
561	0.498771	17.4244	1
562	2.16491	21.2198	1
563	5.79837	20.2264	1
564	8.2984	13.4793	1
565	6.16975	19.0654	1
566	11.6462	18.1211	1
567	8.02638	19.6135	1
568	14.4462	23.9914	1
569	12.4621	21.5579	1
570	15.2059	23.1176	1
571	14.75	25.1624	1
572	11.3708	21.0047	1
573	19.2313	20.8453	1
574	16.9553	21.4767	1
575	9.60928	18.2407	1
576	13.8146	14.5013	1
577	17.7007	19.3308	1
578	24.3002	20.7307	1
579	19.3262	18.1508	1
580	22.0613	22.6578	1
581	27.8644	22.585	1
582	27.279	20.6863	1
583	26.4076	19.9262	1
584	25.9734	22.2474	1
585	28.9411	22.1883	1
586	34.9356	27.6489	1
587	33.6833	23.3109	1
588	35.0964	20.641	1
589	35.8217	16.8785	1
590	34.7957	25.7535	1
591	33.7045	16.2836	1
592	34.1026	18.8939	1
593	38.981	18.4611	1
594	39.1359	20.4273	1
595	39.4632	19.4301	1
596	38.0632	20.4681	1
597	2.57403	20.2124	1
598	7.95413	23.5459	1
599	7.04669	21.922	1
600	0.811864	19.3286	1
601	2.46572	24.528	1
602	9.28095	22.8529	1
603	11.3878	19.6457	1
604	15.1052	26.2676	1
605	13.1804	23.6962	1
606	15.83	31.1371	1
607	11.1523	23.6616	1
608	16.5676	19.5238	1
609	18.8791	30.846	1
610	18.2601	18.3157	1
611	18.4119	20.1248	1
612	20.848	26.0099	1
613	19.1285	21.9739	1
614	21.1248	22.064	1
615	25.533	19.1987	1
616	26.73	23.0468	1
617	29.3479	19.8341	1
618	29.1075	21.0866	1
619	33.0496	20.7517	1
620	29.7648	25.5915	1
621	29.3296	28.5206	1
622	32.5737	23.7538	1
623	37.1108	25.6013	1
624	33.6046	25.9106	1
625	38.0855	17.4575	1
626	37.6652	16.3498	1
627	36.4638	24.6992	1
628	39.8647	21.4526	1
629	38.6991	21.431	1
630	5.43595	18.2386	1
631	38.6772	24.3443	1
632	0.367226	25.0496	1
633	2.99364	26.4209	1
634	2.76837	22.1444	1
635	6.95575	19.7974	1
636	8.06607	24.6817	1
637	11.6327	15.7938	1
638	9.34426	25.0587	1
639	12.1693	23.1195	1
640	10.4829	28.7538	1
641	14.7834	22.0082	1
642	17.821	26.8538	1
643	14.0125	22.9421	1
644	17.0312	18.3836	1
645	13.0608	22.5045	1
646	19.55	25.587	1
647	23.2491	21.155	1
648	20.1467	21.4688	1
649	27.5418	24.8916	1
650	25.3275	23.7303	1
651	26.2166	21.0286	1
652	28.534	24.4461	1
653	28.346	20.2906	1
654	30.9693	27.6102	1
655	31.6464	25.4609	1
656	32.79	28.4309	1
657	28.9085	29.5227	1
658	38.3508	19.422	1
659	1.155	28.8214	1
660	35.1723	18.3644	1
661	34.2364	26.7937	1
662	35.3708	24.7353	1
663	37.2682	18.3469	1
664	35.11	19.4828	1
665	35.1348	21.7996	1
666	0.601453	22.4477	1
667	6.08249	25.8967	1
668	1.70987	22.4916	1
669	8.9863	23.9755	1
670	7.64026	17.7236	1
671	5.97475	23.6639	1
672	11.5192	22.1567	1
673	12.7938	25.5839	1
674	10.2917	25.726	1
675	20.607	24.5088	1
676	18.428	25.1745	1
677	12.4283	26.7111	1
678	20.1413	22.6037	1
679	17.6344	22.3691	1
680	18.8022	27.3354	1
681	22.0694	21.4719	1
682	25.1904	21.4965	1
683	24.0283	17.2623	1
684	26.5707	25.3762	1
685	22.9599	26.2302	1
686	25.7159	28.5994	1
687	24.4806	24.6281	1
688	27.4495	19.538	1
689	24.7576	25.7683	1
690	29.8732	27.5253	1
691	30.4036	26.5296	1
692	33.5399	24.4048	1
693	32.5493	26.0758	1
694	34.8138	29.4938	1
695	37.5397	24.5207	1
696	33.8681	31.141	1
697	38.4447	27.4537	1
698	36.0976	20.1225	1
699	35.9952	25.7238	1
700	5.44287	27.7652	1
701	38.2268	25.3753	1
702	6.96653	24.1359	1
703	3.49867	24.1753	1
704	5.89155	22.5386	1
705	6.93706	23.0223	1
706	13.8556	25.9525	1
707	8.77507	30.1354	1
708	13.7503	30.4396	1
709	16.7518	27.7787	1
710	16.5901	26.4898	1
711	16.6993	31.9184	1
712	17.5213	25.7574	1
713	15.9644	25.5552	1
714	18.9667	29.6997	1
715	18.7167	26.1778	1
716	23.1146	23.0182	1
717	20.0825	20.1595	1
718	22.8477	17.3573	1
719	24.1084	21.9307	1
720	24.4586	19.6032	1
721	23.1054	30.2359	1
722	25.5333	24.8875	1
723	27.4523	27.5972	1
724	24.9576	22.6616	1
725	26.474	24.1895	1
726	32.0987	27.5415	1
727	28.0433	26.616	1
728	31.5265	26.5502	1
729	32.7922	22.5903	1
730	35.9701	29.5548	1
731	0.0266483	26.0569	1
732	0.261284	20.3625	1
733	38.9008	26.2736	1
734	3.4041	25.3385	1
735	3.39072	28.392	1
736	1.42065	24.7904	1
737	6.32888	26.9713	1
738	2.67356	23.3406	1
739	6.97513	25.2522	1
740	5.01383	23.2023	1
741	13.6538	24.7806	1
742	11.4054	26.2614	1
743	9.24336	26.1856	1
744	14.1586	27.0468	1
745	16.2135	28.8911	1
746	19.8375	27.7779	1
747	18.6909	33.1858	1
748	16.901	30.7835	1
749	17.8514	31.4169	1
750	23.4111	24.1883	1
751	24.8053	27.6632	1
752	24.1811	23.445	1
753	24.0172	26.5665	1
754	21.0794	23.1725	1
755	21.9479	26.7628	1
756	23.88	31.0267	1
757	20.8042	28.3958	1
758	29.2834	26.5733	1
759	27.0821	28.6816	1
760	33.8271	28.9906	1
761	31.9276	31.4716	1
762	30.7553	29.6235	1
763	39.547	27.1273	1
764	36.0379	27.606	1
765	35.4902	28.5571	1
766	34.0985	20.0752	1
767	33.1358	27.0547	1
768	36.0521	21.2987	1
769	2.29049	25.5883	1
770	6.44171	28.112	1
771	8.51504	29.0641	1
772	4.08963	26.232	1
773	4.97922	25.5556	1
774	8.33172	27.9192	1
775	1.60552	23.728	1
776	8.22374	25.6611	1
777	10.5243	24.6855	1
778	10.0663	23.6891	1
779	18.1191	21.2893	1
780	17.9557	27.9707	1
781	19.4944	39.5522	1
782	20.8463	30.9825	1
783	18.8076	32.0323	1
784	18.9529	28.4338	1
785	20.7858	27.3061	1
786	21.7508	27.831	1
787	19.796	26.6796	1
788	19.8481	30.3814	1
789	21.6899	31.7723	1
790	19.9084	29.0369	1
791	28.2648	28.4696	1
792	21.8643	30.1121	1
793	22.5744	32.5347	1
794	27.7155	23.7354	1
795	31.7578	30.1337	1
796	25.2707	29.6112	1
797	36.6873	32.1556	1
798	33.7816	30.0968	1
799	34.9876	30.57	1
800	39.9693	33.3413	1
801	39.3267	25.2468	1
802	1.15838	25.8595	1
803	0.37388	27.9436	1
804	2.22203	28.6011	1
805	5.2232	26.7062	1
806	9.40292	28.3211	1
807	1.4934	27.7485	1
808	3.73992	27.2959	1
809	2.00621	19.2849	1
810	7.32256	27.4473	1
811	5.93817	24.8251	1
812	12.7564	30.9438	1
813	11.6165	29.2072	1
814	13.2512	27.612	1
815	15.2051	32.0853	1
816	15.9141	36.0643	1
817	16.0563	30.0442	1
818	23.7187	25.4305	1
819	20.4668	33.436	1
820	26.3895	29.5631	1
821	26.9948	26.4929	1
822	23.4974	29.1147	1
823	19.8054	31.4946	1
824	20.3492	34.5999	1
825	21.5774	32.9077	1
826	26.2872	36.4887	1
827	24.5632	33.0095	1
828	28.7305	27.5043	1
829	30.0354	32.729	1
830	29.9415	31.569	1
831	30.9402	32.0519	1
832	37.3987	29.4281	1
833	32.803	30.6884	1
834	36.5883	28.5451	1
835	37.5122	31.4351	1
836	36.9317	33.2039	1
837	36.6813	26.6032	1
838	39.1809	28.2707	1
839	4.44722	28.1715	1
840	0.014932	28.9754	1
841	9.31412	27.31	1
842	7.5042	28.5914	1
843	1.90885	26.6436	1
844	10.7729	29.9058	1
845	11.5741	32.6011	1
846	12.7692	29.8323	1
847	14.1689	35.1577	1
848	11.7246	31.4711	1
849	11.7039	34.9357	1
850	7.2623	26.2766	1
851	12.6179	32.0736	1
852	17.9427	30.2705	1
853	21.7295	29.0223	1
854	21.1837	38.6709	1
855	19.6626	32.7131	1
856	23.7244	27.9625	1
857	20.7501	29.7536	1
858	22.8457	27.3251	1
859	19.5031	33.9068	1
860	27.0936	33.5744	1
861	24.5596	28.7457	1
862	30.4148	28.5692	1
863	35.5837	32.5022	1
864	28.618	25.6556	1
865	31.3621	34.5976	1
866	32.8062	29.5758	1
867	30.9517	30.8752	1
868	35.8679	31.348	1
869	35.4418	26.6503	1
870	37.6733	28.3098	1
871	0.782459	26.9009	1
872	6.66405	29.3013	1
873	4.80597	29.949	1
874	6.05939	31.244	1
875	6.22103	32.3785	1
876	3.75363	30.2466	1
877	2.86332	1.27343	1
878	0.327966	35.5511	1
879	6.92931	30.478	1
880	10.6554	31.9824	1
881	10.2984	26.7937	1
882	7.91767	30.8857	1
883	8.54664	33.179	1
884	14.7367	34.1524	1
885	16.8406	33.3071	1
886	7.02658	37.2605	1
887	13.6514	31.6323	1
888	13.4621	32.6992	1
889	14.5765	33.0245	1
890	14.6948	31.0875	1
891	19.6351	36.0774	1
892	20.1043	38.5945	1
893	20.6688	32.231	1
894	19.84	37.0981	1
895	20.7086	36.418	1
896	25.882	37.7344	1
897	29.8415	30.3169	1
898	33.2012	34.1503	1
899	32.0175	32.5516	1
900	24.2015	29.912	1
901	38.0202	33.6047	1
902	34.9535	36.688	1
903	37.7956	26.5244	1
904	38.4837	29.1712	1
905	37.8388	32.5138	1
906	32.7041	36.0207	1
907	0.880847	29.8812	1
908	5.40753	28.9816	1
909	39.1174	34.0726	1
910	5.88642	30.0785	1
911	6.43995	34.2699	1
912	5.01193	37.044	1
913	2.56331	30.559	1
914	5.91423	37.7935	1
915	10.6091	33.1569	1
916	8.27682	26.8298	1
917	9.69786	29.5499	1
918	9.39481	32.4226	1
919	9.71209	35.0498	1
920	12.5243	33.1899	1
921	11.895	35.9464	1
922	12.6955	34.2825	1
923	15.8697	34.2242	1
924	12.3994	28.4213	1
925	14.9105	29.984	1
926	15.6942	33.135	1
927	21.3068	34.1474	1
928	19.2745	34.9801	1
929	21.9802	37.8833	1
930	23.6966	32.2003	1
931	24.5117	38.442	1
932	22.6765	28.4046	1
933	33.0156	33.0173	1
934	31.6569	28.8762	1
935	24.7098	31.9047	1
936	23.4532	33.4128	1
937	37.2048	34.2713	1
938	39.2665	35.0955	1
939	28.6943	34.6598	1
940	36.0961	33.9783	1
941	35.0777	33.5773	1
942	36.486	35.0496	1
943	4.09098	29.1793	1
944	7.66822	29.6966	1
945	2.55703	27.5473	1
946	1.01954	33.6638	1
947	7.13984	31.617	1
948	11.5615	33.8609	1
949	6.72394	39.598	1
950	9.02024	31.2558	1
951	7.38139	32.7112	1
952	9.65523	33.586	1
953	8.75308	34.3057	1
954	13.7193	33.7753	1
955	8.28692	2.32569	1
956	16.5955	35.1485	1
957	10.5658	34.3715	1
958	15.363	37.1563	1
959	12.4199	38.5144	1
960	15.2286	35.1603	1
961	18.1884	35.3533	1
962	22.8066	39.9248	1
963	18.3653	34.2576	1
964	23.6548	39.155	1
965	24.3239	34.2559	1
966	28.4133	0.789656	1
967	22.794	31.405	1
968	26.4219	34.5056	1
969	27.8175	29.4908	1
970	32.9475	31.8351	1
971	28.157	33.5514	1
972	29.3465	33.5804	1
973	32.5626	39.9665	1
974	33.7933	36.3811	1
975	33.519	35.242	1
976	39.7078	32.2584	1
977	38.8737	32.9734	1
978	2.97862	29.408	1
979	11.7855	30.3359	1
980	32.9795	37.1218	1
981	2.97177	36.8774	1
982	0.592452	36.6066	1
983	5.26692	34.425	1
984	0.673067	37.7634	1
985	14.2053	37.1286	1
986	7.99174	1.19468	1
987	5.83855	38.8819	1
988	5.88458	0.44197	1
989	12.9094	35.3523	1
990	13.2843	37.7541	1
991	13.6855	36.1589	1
992	15.473	38.9641	1
993	12.711	36.7707	1
994	20.2708	1.70446	1
995	25.313	1.77786	1
996	19.8548	0.561373	1
997	16.4824	37.0183	1
998	25.4213	33.9619	1
999	24.974	30.6828	1
1000	26.8882	35.524	1
1001	27.4329	1.48452	1
1002	25.7579	35.4214	1
1003	31.052	33.1196	1
1004	32.0918	33.7035	1
1005	25.5813	38.7668	1
1006	30.1667	36.5256	1
1007	34.7892	31.7531	1
1008	33.3523	38.2337	1
1009	22.8623	37.1437	1
1010	34.131	37.472	1
1011	5.66723	33.4045	1
1012	35.3879	34.8313	1
1013	38.1962	34.802	1
1014	38.3411	35.8603	1
1015	34.2985	34.4109	1
1016	1.89789	29.5978	1
1017	0.153979	34.4041	1
1018	5.11148	35.9216	1
1019	4.83724	38.1798	1
1020	5.03333	1.11908	1
1021	7.60383	33.8609	1
1022	14.7638	36.1352	1
1023	20.9359	0.682187	1
