0	35.0034	35.6783	1
1	38.9212	38.8871	1
2	2.03273	39.2116	1
3	5.51972	34.8393	1
4	7.40249	37.375	1
5	1.0036	39.74	1
6	8.73113	37.4989	1
7	11.7205	5.27521	1
8	17.5373	0.733076	1
9	4.87219	1.27449	1
10	17.9323	39.5827	1
11	18.6705	0.714176	1
12	12.6177	39.0658	1
13	17.0294	36.5147	1
14	12.8346	2.78095	1
15	13.2729	0.748307	1
16	13.7234	39.6645	1
17	21.3084	39.4479	1
18	22.5917	34.4959	1
19	27.0687	37.4092	1
20	25.3938	39.3267	1
21	26.5657	39.6425	1
22	27.2649	31.4118	1
23	26.3697	3.50044	1
24	27.8075	38.7215	1
25	29.8762	35.3142	1
26	27.3427	34.4883	1
27	31.8928	38.4903	1
28	31.0359	37.2875	1
29	28.0654	35.3999	1
30	34.3148	1.28023	1
31	31.813	35.7536	1
32	37.1653	35.9403	1
33	3.08923	38.542	1
34	38.4413	4.83328	1
35	7.14377	0.495325	1
36	3.65453	36.5667	1
37	7.3694	32.5754	1
38	6.58033	6.75648	1
39	7.01064	4.34531	1
40	5.70563	6.2338	1
41	5.37529	2.30197	1
42	14.4524	38.4549	1
43	9.18763	1.39785	1
44	9.43005	4.29695	1
45	16.1392	38.7693	1
46	17.3712	38.5093	1
47	11.3382	1.53207	1
48	17.3253	3.90851	1
49	14.2384	4.63589	1
50	16.5932	1.71921	1
51	24.5562	38.603	1
52	21.5851	35.7788	1
53	20.7637	36.8132	1
54	26.067	1.76967	1
55	29.4473	36.3609	1
56	22.2395	38.3124	1
57	24.7042	1.93048	1
58	25.2504	3.46691	1
59	24.3297	4.28965	1
60	27.5399	36.4893	1
61	29.9244	37.8293	1
62	28.3625	1.10107	1
63	39.4025	0.834281	1
64	36.4001	37.6125	1
65	32.7395	35.0346	1
66	39.9279	38.4342	1
67	37.3397	38.1388	1
68	1.45438	32.6521	1
69	39.3833	37.5181	1
70	33.6654	0.412617	1
71	0.765138	2.01485	1
72	3.33981	4.24988	1
73	3.83346	34.7085	1
74	4.16086	2.15544	1
75	6.27509	1.60951	1
76	39.5395	3.7733	1
77	8.41049	39.4708	1
78	9.95099	38.2745	1
79	7.59657	2.80178	1
80	12.3531	8.53375	1
81	20.215	39.2183	1
82	15.6147	1.23682	1
83	14.1438	1.77042	1
84	14.5406	3.45168	1
85	15.6299	3.63518	1
86	17.4071	6.35922	1
87	23.1291	37.0226	1
88	22.8351	0.613093	1
89	22.715	5.26494	1
90	17.7068	4.85367	1
91	27.0521	2.71293	1
92	29.581	0.740591	1
93	22.9189	4.10113	1
94	26.522	0.708852	1
95	30.7858	38.8273	1
96	31.0166	3.99012	1
97	29.653	38.8391	1
98	28.5177	37.0183	1
99	2.54082	36.4485	1
100	36.4821	38.8942	1
101	28.9962	5.77499	1
102	37.0388	1.15376	1
103	0.00504391	36.6005	1
104	38.6022	3.04232	1
105	5.65878	35.9553	1
106	32.426	37.4277	1
107	2.03099	0.441169	1
108	3.21615	35.5591	1
109	3.12288	2.60107	1
110	0.802281	8.75052	1
111	8.4711	3.60766	1
112	4.78047	4.66582	1
113	10.0723	0.281965	1
114	12.8913	4.92841	1
115	13.9307	5.92753	1
116	14.5052	0.601949	1
117	16.3578	2.92827	1
118	17.897	1.73825	1
119	21.801	3.81777	1
120	18.4743	2.69425	1
121	21.8856	2.53774	1
122	18.3994	3.93019	1
123	19.9268	2.4528	1
124	15.2647	2.27802	1
125	24.7251	0.108876	1
126	20.6968	4.17719	1
127	23.9922	3.22056	1
128	26.5609	5.08492	1
129	31.6176	39.847	1
130	28.6298	8.96234	1
131	33.9317	2.96354	1
132	30.7053	0.618268	1
133	28.8589	38.0232	1
134	36.1075	36.2066	1
135	36.1417	3.33014	1
136	33.504	4.10608	1
137	39.8811	39.6712	1
138	38.7697	1.76292	1
139	38.5541	6.68873	1
140	2.0145	2.32025	1
141	1.24789	38.2822	1
142	4.71351	5.86054	1
143	4.11132	37.7101	1
144	2.3642	3.47703	1
145	4.04869	3.39429	1
146	10.8081	4.30424	1
147	10.2108	35.725	1
148	5.83981	4.87853	1
149	12.0112	0.0339555	1
150	9.54479	3.10876	1
151	11.7597	3.89994	1
152	15.0882	6.02116	1
153	16.3643	4.4974	1
154	15.425	9.85746	1
155	15.2995	5.00254	1
156	24.0148	0.949279	1
157	19.8764	1.35186	1
158	23.6668	39.8581	1
159	28.9499	3.27078	1
160	29.162	1.79539	1
161	30.0591	39.7936	1
162	28.7652	39.4653	1
163	29.1493	11.8886	1
164	32.8207	39.1325	1
165	28.5132	7.04099	1
166	28.2269	2.33641	1
167	30.9876	5.0702	1
168	31.0416	6.95857	1
169	32.276	3.99433	1
170	30.3579	7.88917	1
171	35.1342	38.7054	1
172	37.562	4.30961	1
173	38.3027	37.7743	1
174	0.635371	4.70897	1
175	38.7657	9.78377	1
176	0.846716	0.845583	1
177	7.7958	1.587	1
178	4.28646	0.0291289	1
179	5.64415	3.71089	1
180	13.2785	3.79451	1
181	11.3939	8.97624	1
182	8.66889	9.11006	1
183	39.7529	2.7488	1
184	8.43239	4.81821	1
185	12.2997	1.7476	1
186	10.7358	3.3021	1
187	13.7835	9.43308	1
188	16.4979	5.63652	1
189	23.7988	12.4506	1
190	13.6517	8.34703	1
191	19.4412	9.6589	1
192	22.5792	8.29144	1
193	18.5281	7.09131	1
194	19.7811	3.51984	1
195	27.2628	6.08276	1
196	27.3322	4.41803	1
197	28.8611	4.46415	1
198	29.6683	10.9061	1
199	32.1884	10.2276	1
200	31.3312	2.50147	1
201	27.8594	10.0755	1
202	37.6186	39.1598	1
203	35.0801	2.42108	1
204	34.6108	4.27792	1
205	31.496	8.12699	1
206	32.7346	7.13755	1
207	37.6948	2.2253	1
208	38.9988	7.89196	1
209	38.4943	0.134537	1
210	35.2888	7.58411	1
211	37.8192	7.57964	1
212	1.37507	5.55716	1
213	0.426276	10.1673	1
214	3.64113	5.36314	1
215	5.19172	7.16437	1
216	10.6341	5.6643	1
217	9.83084	11.1718	1
218	9.36225	5.38059	1
219	10.4014	2.19829	1
220	7.55579	9.94987	1
221	6.48715	2.95515	1
222	10.1669	7.9359	1
223	9.88856	9.10737	1
224	15.8176	7.62705	1
225	20.7556	13.3704	1
226	18.8708	4.94275	1
227	19.727	7.20376	1
228	20.5263	14.4201	1
229	19.324	5.97611	1
230	27.4024	7.57676	1
231	22.7382	6.32867	1
232	30.3324	1.86004	1
233	29.0332	9.9374	1
234	26.3382	8.32568	1
235	31.296	13.7832	1
236	32.4121	6.03531	1
237	32.2009	9.07692	1
238	29.5549	6.74831	1
239	29.7672	8.94572	1
240	34.2546	5.32261	1
241	36.461	2.12723	1
242	33.5482	6.22917	1
243	37.6134	3.27332	1
244	39.5564	5.16594	1
245	1.71947	4.4351	1
246	39.6492	8.90896	1
247	0.817105	3.58108	1
248	7.67938	8.60754	1
249	2.3725	7.84377	1
250	8.68994	6.6148	1
251	7.8829	7.53985	1
252	9.36021	14.2135	1
253	6.51649	11.011	1
254	14.7353	7.20676	1
255	9.11437	8.14842	1
256	12.4977	7.41093	1
257	16.9605	9.32875	1
258	12.7182	6.05613	1
259	18.5473	11.969	1
260	25.7373	7.36882	1
261	23.2215	14.4538	1
262	18.2696	9.25448	1
263	20.4947	5.54866	1
264	24.6126	6.5229	1
265	20.8665	3.12546	1
266	24.8052	5.33765	1
267	23.6209	7.19528	1
268	25.5403	11.8021	1
269	30.3327	10.0382	1
270	31.5581	14.9622	1
271	27.7603	12.4848	1
272	36.0217	0.294223	1
273	36.1469	11.326	1
274	29.9606	4.50015	1
275	33.1162	8.12184	1
276	37.1868	11.3459	1
277	36.5787	13.4441	1
278	37.7684	9.94181	1
279	32.0366	5.07378	1
280	0.740934	14.1563	1
281	4.17564	6.70636	1
282	1.70475	6.81201	1
283	39.6757	6.86892	1
284	2.79199	11.6219	1
285	6.56217	9.4199	1
286	1.326	7.8419	1
287	12.8547	11.8071	1
288	9.79072	6.73658	1
289	8.11953	10.9486	1
290	8.35291	12.7679	1
291	4.98381	10.4366	1
292	17.6963	8.15397	1
293	15.2389	11.9204	1
294	21.3219	10.2779	1
295	20.1591	10.6088	1
296	20.1372	15.393	1
297	19.681	12.7023	1
298	20.7675	6.60141	1
299	23.0592	2.09338	1
300	21.5977	4.92343	1
301	21.7615	5.92171	1
302	23.7498	5.42258	1
303	26.9315	10.5485	1
304	30.9369	9.05193	1
305	33.0783	11.0646	1
306	30.7792	12.7477	1
307	32.3771	14.1781	1
308	36.802	8.93142	1
309	37.6344	13.6898	1
310	35.3953	5.08225	1
311	33.1387	5.15602	1
312	39.4926	10.8476	1
313	36.7148	7.42518	1
314	37.5091	6.48077	1
315	2.89944	14.4577	1
316	38.425	10.9078	1
317	5.75596	8.32214	1
318	2.08208	10.2047	1
319	3.04047	6.51375	1
320	3.10873	9.83422	1
321	3.01894	39.8879	1
322	11.6318	12.0449	1
323	12.5234	14.1197	1
324	15.0425	8.46503	1
325	13.6676	15.7554	1
326	9.28239	10.3248	1
327	14.392	11.04	1
328	17.402	13.1524	1
329	18.7769	8.21035	1
330	18.8994	10.8873	1
331	26.2808	13.2733	1
332	22.5041	15.2	1
333	20.6564	9.21565	1
334	20.8817	7.87353	1
335	25.189	8.71649	1
336	21.8473	7.1631	1
337	28.0841	5.22183	1
338	30.2342	11.8679	1
339	30.0946	5.65513	1
340	33.0894	12.15	1
341	33.3844	18.4147	1
342	32.1023	12.8157	1
343	36.0788	10.0704	1
344	34.1762	11.6397	1
345	35.2256	12.0748	1
346	2.90208	15.5872	1
347	34.0519	10.5394	1
348	2.8537	12.9896	1
349	0.464008	6.21765	1
350	36.5371	5.78201	1
351	39.8023	12.7258	1
352	0.177152	7.92891	1
353	4.59392	8.04089	1
354	3.51742	7.46704	1
355	2.41393	8.9919	1
356	5.12377	12.7488	1
357	5.04939	11.6097	1
358	9.31079	12.1278	1
359	10.9149	11.1698	1
360	8.67331	17.166	1
361	10.3179	10.0993	1
362	12.5893	9.75997	1
363	15.6016	19.2262	1
364	16.8055	7.31979	1
365	19.8946	8.31624	1
366	25.3531	13.8496	1
367	21.7891	9.06269	1
368	24.3605	14.8209	1
369	25.5673	4.55713	1
370	25.1225	10.4937	1
371	27.5721	11.447	1
372	24.594	7.65208	1
373	27.4889	13.8652	1
374	33.5452	9.47453	1
375	28.7919	12.9849	1
376	28.5947	11.0416	1
377	31.4587	16.0662	1
378	31.5229	11.7082	1
379	35.7623	14.2682	1
380	35.1283	11.0381	1
381	34.2782	12.7096	1
382	3.96801	12.3875	1
383	36.3432	12.4302	1
384	0.0475418	16.7921	1
385	37.0448	14.6002	1
386	1.19173	13.064	1
387	3.94421	10.8894	1
388	5.19708	9.25658	1
389	7.02967	12.8301	1
390	2.43893	17.9168	1
391	6.73146	7.91065	1
392	14.1032	12.0329	1
393	7.2532	11.8022	1
394	9.35558	13.139	1
395	10.3821	12.1598	1
396	17.7841	10.5023	1
397	13.95	13.1385	1
398	11.3403	7.40401	1
399	17.3807	11.478	1
400	20.9894	11.4385	1
401	23.8515	13.5492	1
402	18.8998	17.0787	1
403	27.0339	9.21936	1
404	22.7176	12.6948	1
405	23.4585	9.98996	1
406	25.0384	12.854	1
407	26.1317	9.87905	1
408	30.1075	17.6852	1
409	27.6463	16.8681	1
410	22.4201	9.85937	1
411	31.3321	17.3268	1
412	31.4543	19.0928	1
413	33.4749	14.6279	1
414	34.8831	16.3763	1
415	35.5454	13.2552	1
416	34.6539	13.7937	1
417	36.929	17.381	1
418	0.796318	11.9866	1
419	34.2226	7.76426	1
420	1.46293	18.6269	1
421	38.2108	8.73689	1
422	1.48865	21.8225	1
423	1.95058	13.9562	1
424	4.13309	14.9028	1
425	4.20417	9.62188	1
426	5.34771	16.6974	1
427	3.49781	8.49163	1
428	10.3467	13.3527	1
429	4.25853	16.666	1
430	13.9458	19.3348	1
431	12.4928	15.6093	1
432	13.1932	20.5185	1
433	16.3196	10.4932	1
434	16.6621	17.1989	1
435	19.145	14.5419	1
436	19.6857	11.5818	1
437	27.3908	14.9892	1
438	26.3975	14.3819	1
439	17.319	16.0109	1
440	26.6397	11.8297	1
441	17.8285	16.9509	1
442	26.5261	16.972	1
443	25.4505	15.0153	1
444	30.5102	14.7055	1
445	28.2664	15.9352	1
446	28.6682	19.0474	1
447	32.7003	19.2715	1
448	30.1531	18.7983	1
449	29.7892	13.5298	1
450	38.7584	14.2159	1
451	1.55387	11.2781	1
452	1.90226	12.3161	1
453	35.0691	6.34103	1
454	5.29312	17.8842	1
455	2.63612	16.8444	1
456	0.251888	18.3567	1
457	10.4795	19.2182	1
458	6.40897	17.7172	1
459	5.30098	14.1816	1
460	12.4781	12.9287	1
461	6.10036	13.3842	1
462	11.0595	18.292	1
463	6.87897	14.6866	1
464	4.90728	15.7225	1
465	11.9044	17.4231	1
466	18.6686	16.0151	1
467	13.1853	10.7299	1
468	6.12846	15.6295	1
469	13.6737	17.4284	1
470	17.9231	15.0323	1
471	23.5774	15.5383	1
472	16.2251	15.1136	1
473	20.5687	16.4134	1
474	21.1419	17.5376	1
475	28.6883	14.8749	1
476	30.3099	16.5136	1
477	21.2304	20.7951	1
478	26.8959	16.031	1
479	29.6357	15.6278	1
480	32.2299	18.0032	1
481	33.2912	13.2075	1
482	32.2919	16.6571	1
483	29.2534	16.8334	1
484	38.6585	15.2244	1
485	34.7088	15.0979	1
486	35.9986	15.3344	1
487	37.6002	12.6135	1
488	37.1384	21.3239	1
489	0.437736	15.3976	1
490	6.05288	12.2117	1
491	8.56889	18.2889	1
492	4.38896	19.5199	1
493	8.76243	21.3891	1
494	10.0207	16.9044	1
495	3.22075	18.8617	1
496	9.16293	15.3816	1
497	12.0267	11.0325	1
498	10.5321	14.3786	1
499	15.9031	18.1545	1
500	7.30005	19.0947	1
501	16.8832	20.3712	1
502	14.2056	21.2819	1
503	15.1225	15.1298	1
504	20.4746	18.4988	1
505	15.1842	13.0939	1
506	21.4123	15.0334	1
507	21.6607	16.0792	1
508	21.2288	19.6511	1
509	24.0744	16.7003	1
510	22.9225	16.4528	1
511	21.7093	18.6443	1
512	27.8032	17.9705	1
513	20.1259	17.4285	1
514	27.0806	21.3476	1
515	32.6272	15.4465	1
516	36.8793	16.2482	1
517	31.8391	20.1093	1
518	34.3508	17.4473	1
519	34.17	21.2829	1
520	38.7818	13.1372	1
521	39.2337	17.702	1
522	33.1199	17.3626	1
523	1.5873	15.2073	1
524	38.9241	16.236	1
525	4.17083	18.3242	1
526	2.55647	20.8475	1
527	5.00446	23.9602	1
528	5.25508	20.4031	1
529	3.50548	17.4854	1
530	9.949	20.1586	1
531	9.26771	19.2914	1
532	11.2417	15.2234	1
533	12.8135	16.6618	1
534	10.3038	22.6445	1
535	12.7991	18.029	1
536	16.1295	22.8495	1
537	15.2178	17.1739	1
538	15.0546	20.5732	1
539	16.072	16.2712	1
540	19.031	19.4609	1
541	16.9606	14.2586	1
542	18.5165	13.4558	1
543	22.3369	20.3756	1
544	25.4278	16.452	1
545	23.0011	18.6123	1
546	28.9754	17.9477	1
547	25.5173	17.5177	1
548	25.2615	19.968	1
549	30.2774	23.4992	1
550	33.0185	27.5609	1
551	28.1463	21.2684	1
552	32.6658	24.577	1
553	31.678	21.4376	1
554	30.4144	20.8547	1
555	38.7163	12.1625	1
556	39.7251	13.7971	1
557	36.0118	19.6211	1
558	1.4195	16.4316	1
559	36.5149	18.3425	1
560	37.0362	20.2485	1
561	1.00509	17.48	1
562	3.57654	21.3396	1
563	6.38088	20.863	1
564	7.56018	13.8316	1
565	6.18551	19.5174	1
566	12.2855	19.0694	1
567	8.31448	19.8588	1
568	14.4762	24.5597	1
569	13.1127	21.5851	1
570	15.623	23.8073	1
571	14.3376	25.7047	1
572	10.8091	20.8831	1
573	19.0136	20.5216	1
574	16.5058	21.4309	1
575	9.76989	18.1699	1
576	14.8049	14.1463	1
577	17.7211	19.2014	1
578	24.0488	20.7103	1
579	19.3714	18.2785	1
580	21.4367	23.0146	1
581	27.9177	22.6533	1
582	26.84	20.1113	1
583	26.2534	19.0866	1
584	26.2097	22.2408	1
585	29.0162	21.9161	1
586	34.3386	27.7611	1
587	32.5165	22.2207	1
588	35.1574	21.4981	1
589	35.7593	17.1068	1
590	34.3472	25.0595	1
591	33.539	16.2331	1
592	34.446	19.2743	1
593	39.1969	18.9569	1
594	39.1323	21.3892	1
595	39.8072	20.0698	1
596	38.1042	20.862	1
597	3.28453	20.1049	1
598	8.03252	22.7913	1
599	6.88244	21.9297	1
600	1.07122	19.6955	1
601	2.59792	24.6829	1
602	9.11317	22.5201	1
603	11.3573	19.8087	1
604	15.3084	26.2448	1
605	13.751	23.7001	1
606	15.8643	31.3577	1
607	11.2566	23.2879	1
608	16.5999	19.114	1
609	18.7774	30.615	1
610	18.337	18.2204	1
611	17.863	20.8639	1
612	20.2002	25.9528	1
613	18.6402	21.6304	1
614	20.8204	21.9422	1
615	24.9127	18.6824	1
616	26.4934	23.3216	1
617	29.6145	19.858	1
618	29.3396	20.8887	1
619	33.0117	21.1157	1
620	30.4756	24.6908	1
621	29.041	28.6287	1
622	32.3716	23.4649	1
623	36.883	25.0824	1
624	33.351	25.5795	1
625	37.8908	17.973	1
626	37.9408	16.7863	1
627	35.8991	24.0384	1
628	39.6259	22.4842	1
629	38.383	22.1309	1
630	5.23557	18.9439	1
631	38.9589	24.218	1
632	0.323093	24.2791	1
633	2.94906	26.8526	1
634	2.86158	22.2211	1
635	7.1969	20.166	1
636	7.53934	24.2649	1
637	11.2415	16.4498	1
638	9.49883	25.0237	1
639	12.3079	22.7556	1
640	10.7948	27.9803	1
641	15.4388	21.6176	1
642	17.4016	26.7839	1
643	14.7579	23.1112	1
644	17.1393	18.172	1
645	13.8198	22.4298	1
646	19.0741	25.4406	1
647	22.8193	21.4133	1
648	19.7774	21.4002	1
649	28.1269	24.9217	1
650	24.5315	23.8545	1
651	25.9651	20.8684	1
652	29.1723	24.359	1
653	28.4885	20.2164	1
654	30.6082	27.3398	1
655	31.4831	24.1151	1
656	32.5112	28.7327	1
657	28.7274	29.7569	1
658	38.2972	19.6216	1
659	0.882748	29.0119	1
660	35.2078	18.2968	1
661	33.7546	26.7702	1
662	34.4596	23.8227	1
663	37.3838	18.943	1
664	34.865	20.4263	1
665	35.6576	22.829	1
666	0.729511	22.6795	1
667	6.23528	26.2058	1
668	1.93532	22.8427	1
669	8.73774	23.8584	1
670	7.48457	17.3642	1
671	5.20296	22.7044	1
672	11.345	22.1647	1
673	13.009	26.5074	1
674	10.4233	25.8367	1
675	19.4241	24.2561	1
676	18.0094	24.5355	1
677	12.2398	27.2452	1
678	20.0351	22.7428	1
679	18.115	22.8047	1
680	18.3241	27.291	1
681	21.9081	22.0515	1
682	25.0085	21.3161	1
683	23.5113	17.5692	1
684	26.2548	25.0444	1
685	22.8796	25.7071	1
686	25.5056	28.6638	1
687	24.9805	25.0012	1
688	27.5275	19.2146	1
689	25.1243	26.6008	1
690	29.5405	27.6358	1
691	29.9154	26.5456	1
692	33.3949	23.2349	1
693	31.7602	25.4574	1
694	34.6884	29.0343	1
695	37.6658	24.2902	1
696	33.866	31.206	1
697	38.1039	27.3943	1
698	36.0859	20.7762	1
699	35.6223	25.1608	1
700	4.887	28.406	1
701	38.2164	25.3443	1
702	6.16952	23.7462	1
703	3.8054	24.2716	1
704	5.76076	21.7846	1
705	7.0029	23.0161	1
706	14.316	26.8404	1
707	9.08049	30.485	1
708	13.9646	30.1564	1
709	16.4249	27.4941	1
710	16.3872	25.9185	1
711	16.9275	31.9527	1
712	16.9352	24.8459	1
713	15.393	25.138	1
714	18.5738	29.6522	1
715	18.3071	26.2001	1
716	22.4642	24.6803	1
717	20.1236	20.3783	1
718	22.358	17.5221	1
719	23.8182	22.025	1
720	24.2219	19.5738	1
721	23.2805	31.0536	1
722	25.7435	24.147	1
723	26.9323	28.5486	1
724	24.577	22.8115	1
725	27.1174	24.4733	1
726	32.0178	27.7156	1
727	27.206	27.3867	1
728	31.4878	26.7189	1
729	31.0055	22.4222	1
730	35.7161	29.8439	1
731	39.8285	26.3094	1
732	0.954343	20.9296	1
733	38.6862	26.3034	1
734	3.39155	25.4527	1
735	3.07155	29.8439	1
736	1.31856	24.9109	1
737	6.03452	27.5453	1
738	2.99953	23.3467	1
739	6.5491	24.898	1
740	4.08469	22.9176	1
741	13.2323	25.4813	1
742	11.8605	25.8903	1
743	9.33792	26.2459	1
744	15.3618	27.251	1
745	16.2962	28.9975	1
746	19.4119	27.8087	1
747	18.6768	33.2419	1
748	16.4515	30.2964	1
749	17.6825	31.0955	1
750	23.6902	24.4995	1
751	24.2305	27.8694	1
752	22.8372	23.5114	1
753	24.1178	26.7245	1
754	20.5069	23.8665	1
755	21.8067	26.0161	1
756	24.7887	31.2924	1
757	20.3695	28.2833	1
758	28.7793	26.5857	1
759	26.2506	29.4134	1
760	33.608	28.6589	1
761	31.445	31.2246	1
762	30.3032	29.7223	1
763	39.2991	27.2933	1
764	35.9821	27.1642	1
765	35.6456	28.2922	1
766	33.7891	20.3185	1
767	32.6172	26.5304	1
768	36.5971	22.2386	1
769	2.20688	25.7454	1
770	6.12892	28.5623	1
771	8.52726	28.9224	1
772	4.03214	26.7216	1
773	5.03536	26.1922	1
774	8.60413	27.7662	1
775	1.29308	23.7701	1
776	8.56857	25.5356	1
777	10.7515	24.7644	1
778	10.0381	23.7363	1
779	17.5715	21.8794	1
780	17.1869	28.4813	1
781	19.0704	39.1725	1
782	20.9645	31.0429	1
783	18.1938	32.1923	1
784	18.4072	28.4994	1
785	20.3843	27.0829	1
786	21.5821	27.2226	1
787	19.3092	26.7237	1
788	19.8824	30.4611	1
789	21.7248	32.0772	1
790	19.9536	29.3161	1
791	27.9503	29.0145	1
792	22.0708	29.7224	1
793	22.838	33.4771	1
794	27.9437	23.728	1
795	31.6546	30.0393	1
796	25.332	29.8924	1
797	37.2179	31.8939	1
798	33.8947	29.7819	1
799	34.8265	30.5338	1
800	0.33981	32.923	1
801	39.5243	25.107	1
802	0.913566	25.8827	1
803	0.464053	27.9657	1
804	1.95068	29.1951	1
805	4.93101	27.2766	1
806	9.62818	28.189	1
807	1.53373	28.0972	1
808	3.80913	27.8156	1
809	2.21589	19.7242	1
810	7.11986	27.6034	1
811	5.53081	25.1603	1
812	12.7611	30.6734	1
813	11.866	28.6414	1
814	14.7611	28.2853	1
815	14.6775	32.1483	1
816	15.8525	36.5017	1
817	15.3569	29.5028	1
818	24.0023	25.6267	1
819	20.6545	33.469	1
820	26.6068	30.4774	1
821	26.3881	26.6624	1
822	23.2399	29.7685	1
823	19.5281	31.5138	1
824	20.3761	34.4838	1
825	21.7027	33.2097	1
826	26.2943	36.648	1
827	25.4189	32.8417	1
828	28.1658	27.9203	1
829	29.7405	34.2986	1
830	29.4183	32.2999	1
831	30.5627	32.5658	1
832	37.2661	30.0747	1
833	32.7562	30.9184	1
834	36.675	28.9987	1
835	38.3455	31.5741	1
836	37.1979	33.4897	1
837	36.3375	26.1021	1
838	38.8819	28.3469	1
839	3.84189	28.8974	1
840	39.8264	29.1043	1
841	9.9954	27.0273	1
842	7.3117	28.7173	1
843	1.83496	27.0078	1
844	10.8278	29.2048	1
845	11.4844	32.3651	1
846	13.0721	29.5488	1
847	14.4403	35.1803	1
848	11.8179	31.2502	1
849	10.9975	34.4846	1
850	7.36619	26.1494	1
851	12.6934	31.9935	1
852	17.5628	29.9565	1
853	21.5397	28.7868	1
854	21.0043	38.0905	1
855	19.7003	32.5876	1
856	23.3216	28.6141	1
857	20.9102	29.8756	1
858	22.7727	26.8324	1
859	19.6326	33.7274	1
860	26.4524	33.4824	1
861	24.419	29.0311	1
862	30.195	28.4781	1
863	36.2174	32.4913	1
864	29.3237	25.4626	1
865	31.0797	34.9102	1
866	32.8341	29.7225	1
867	30.2851	31.0176	1
868	35.9062	30.9069	1
869	35.0413	26.264	1
870	37.7639	28.8502	1
871	0.718016	26.941	1
872	6.95403	29.7851	1
873	4.79868	31.109	1
874	6.01348	31.659	1
875	5.10507	32.2518	1
876	3.64238	31.2512	1
877	3.72947	1.13379	1
878	1.38734	34.9852	1
879	6.96585	30.967	1
880	10.4522	31.8652	1
881	11.06	26.7045	1
882	7.98058	31.529	1
883	8.08774	33.5284	1
884	15.0601	34.3019	1
885	17.4588	33.486	1
886	8.19182	36.5925	1
887	13.6227	31.4087	1
888	13.6824	32.5674	1
889	14.5955	33.3575	1
890	14.9491	30.8435	1
891	19.0683	36.1981	1
892	19.6966	38.2282	1
893	20.5963	32.0707	1
894	19.7505	37.1353	1
895	20.137	35.7995	1
896	25.0006	36.4908	1
897	29.1282	31.1554	1
898	33.7565	33.6984	1
899	31.6343	32.7375	1
900	24.2934	30.1305	1
901	38.5911	33.69	1
902	35.2324	36.8755	1
903	37.3947	26.4379	1
904	38.6981	29.6283	1
905	38.0734	32.6852	1
906	32.9536	36.2068	1
907	39.4512	30.506	1
908	5.28789	29.4936	1
909	39.8355	34.0802	1
910	5.68807	30.6002	1
911	5.66546	33.5923	1
912	5.03989	36.8441	1
913	2.30432	31.66	1
914	6.27032	36.9435	1
915	10.229	33.6174	1
916	8.3694	26.699	1
917	9.65484	29.4855	1
918	8.77503	32.4865	1
919	9.03709	35.6303	1
920	12.6499	33.0085	1
921	11.4124	36.7498	1
922	12.4856	34.1855	1
923	16.2174	34.2819	1
924	12.9712	28.3507	1
925	13.8398	28.9079	1
926	15.8503	33.1355	1
927	21.4772	34.3162	1
928	19.3037	35.0175	1
929	21.9143	36.8938	1
930	24.3719	32.5242	1
931	24.6632	37.5163	1
932	22.3288	28.0034	1
933	33.6671	32.421	1
934	31.3652	28.6056	1
935	26.3116	32.2411	1
936	24.0656	33.655	1
937	37.7941	34.4512	1
938	39.9557	35.3969	1
939	28.5526	34.2859	1
940	36.1061	33.7097	1
941	34.6353	33.0146	1
942	36.8246	34.6688	1
943	4.1885	29.9999	1
944	7.90607	30.2563	1
945	2.66814	28.0519	1
946	2.0188	33.642	1
947	6.19343	32.6784	1
948	11.5775	33.5363	1
949	7.33553	39.1344	1
950	9.29958	31.5855	1
951	6.74027	33.638	1
952	8.66139	34.5372	1
953	7.98162	35.2817	1
954	13.5884	33.8957	1
955	8.64546	2.3478	1
956	16.9444	35.2788	1
957	9.77368	34.7475	1
958	15.1698	37.5314	1
959	11.273	38.8212	1
960	15.647	35.4187	1
961	18.2523	35.4952	1
962	22.4324	39.3702	1
963	18.2182	34.2745	1
964	23.3089	38.4021	1
965	23.8251	34.7861	1
966	27.5825	0.154927	1
967	22.9293	32.2329	1
968	25.9449	34.652	1
969	27.5489	30.046	1
970	32.6761	31.9962	1
971	27.5725	33.3704	1
972	28.8863	33.2019	1
973	32.5936	0.379923	1
974	33.9813	36.5191	1
975	33.7938	35.0256	1
976	0.453473	31.7203	1
977	39.285	32.626	1
978	2.23639	30.51	1
979	12.001	29.7487	1
980	33.6009	38.0384	1
981	3.04945	37.423	1
982	1.0794	36.5225	1
983	4.73833	34.104	1
984	1.66753	37.3671	1
985	13.7093	37.4757	1
986	8.21771	0.59848	1
987	6.29239	38.6694	1
988	6.42195	39.7072	1
989	11.4944	35.4353	1
990	11.8614	37.9391	1
991	13.6115	36.3857	1
992	15.0545	39.5664	1
993	12.4835	36.2629	1
994	20.9342	2.06104	1
995	25.3117	1.06168	1
996	19.676	0.303344	1
997	16.2492	37.469	1
998	25.2672	33.8566	1
999	25.904	31.3023	1
1000	26.8903	35.6292	1
1001	27.3643	1.54899	1
1002	25.8142	35.7297	1
1003	30.8381	33.6777	1
1004	32.7179	33.8575	1
1005	25.7248	38.1928	1
1006	30.5495	36.2646	1
1007	34.7204	31.8686	1
1008	34.2473	39.2519	1
1009	22.8502	35.9242	1
1010	34.5167	37.5953	1
1011	4.23713	33.1183	1
1012	35.839	34.8798	1
1013	38.7939	35.0203	1
1014	39.0698	36.139	1
1015	34.7473	34.3349	1
1016	1.22398	30.0285	1
1017	0.936706	34.0206	1
1018	4.56925	35.8243	1
1019	5.16279	38.0289	1
1020	5.46487	0.161763	1
1021	6.87087	34.7386	1
1022	14.8502	36.1965	1
1023	21.098	0.773983	1
