0	33.895	35.5606	1
1	38.4924	39.5744	1
2	1.46625	0.0257774	1
3	5.08677	36.406	1
4	6.10412	39.1743	1
5	0.473777	0.568727	1
6	7.11079	38.7006	1
7	12.6195	5.58824	1
8	17.874	39.8129	1
9	3.50984	2.15181	1
10	18.5014	37.5498	1
11	18.961	39.4988	1
12	15.3176	38.3698	1
13	18.0101	35.6549	1
14	13.4431	3.83209	1
15	15.6178	0.318884	1
16	16.0491	39.2659	1
17	21.5143	39.624	1
18	22.2105	34.2954	1
19	26.2781	37.5238	1
20	25.6391	39.7182	1
21	26.6649	0.237716	1
22	29.5334	31.104	1
23	26.2682	3.20525	1
24	27.3757	37.5577	1
25	30.0336	33.6659	1
26	27.1376	34.5511	1
27	31.3832	37.7597	1
28	30.3358	37.3725	1
29	27.5988	35.6175	1
30	33.732	39.5337	1
31	31.0286	35.5576	1
32	35.2884	36.9353	1
33	2.37954	39.4095	1
34	38.883	6.45234	1
35	6.45476	1.49647	1
36	3.1327	37.606	1
37	8.73059	31.8786	1
38	8.65167	7.11593	1
39	5.61617	4.27179	1
40	4.80299	5.99997	1
41	4.5725	2.61562	1
42	16.3921	38.1238	1
43	8.44864	2.47777	1
44	7.53447	5.46964	1
45	17.4414	37.7757	1
46	18.2227	38.6552	1
47	9.37181	1.81071	1
48	17.1968	3.21226	1
49	14.5503	5.39051	1
50	16.1083	1.80214	1
51	24.5441	39.2939	1
52	21.7987	36.4708	1
53	20.7268	36.8301	1
54	26.0229	2.04077	1
55	29.2528	36.9821	1
56	22.419	38.6039	1
57	23.092	1.88402	1
58	24.1149	2.38218	1
59	24.0933	3.45843	1
60	26.9635	36.5988	1
61	29.4887	38.1348	1
62	28.9229	1.10939	1
63	39.6066	1.20544	1
64	34.3976	37.7178	1
65	31.9041	34.8749	1
66	39.291	38.8654	1
67	35.6013	37.9971	1
68	0.511446	33.1208	1
69	39.1882	37.7748	1
70	32.662	39.1377	1
71	39.6553	2.35762	1
72	1.67594	4.46863	1
73	3.06259	36.4904	1
74	3.5584	3.26982	1
75	5.55607	2.07613	1
76	39.6994	4.61314	1
77	7.40901	0.776442	1
78	13.8433	39.5602	1
79	6.57118	3.6984	1
80	11.8468	8.54131	1
81	20.4512	39.0914	1
82	15.1333	1.30068	1
83	14.5281	0.387481	1
84	14.2695	3.149	1
85	15.3088	3.60722	1
86	16.5343	6.42337	1
87	23.2098	37.8642	1
88	22.8147	0.810275	1
89	22.0897	4.65085	1
90	17.4127	4.37982	1
91	27.1233	2.51677	1
92	29.7564	0.35631	1
93	22.149	3.45145	1
94	25.7624	0.883147	1
95	30.5715	38.52	1
96	30.3956	3.67878	1
97	28.5835	38.8799	1
98	28.0912	36.6543	1
99	1.19408	37.6746	1
100	36.6397	38.2918	1
101	28.7326	5.14039	1
102	37.6196	1.32265	1
103	39.0696	36.6673	1
104	38.6684	2.89702	1
105	5.11266	37.4923	1
106	31.1701	36.6664	1
107	1.51111	1.11016	1
108	2.14351	37.0297	1
109	2.59162	2.76402	1
110	1.05834	9.22186	1
111	6.5776	4.85895	1
112	3.62402	4.32223	1
113	8.36145	1.39243	1
114	13.6437	6.09213	1
115	14.6123	6.54925	1
116	16.7718	0.0609941	1
117	16.1329	2.91852	1
118	17.1612	2.12167	1
119	21.1626	2.89065	1
120	18.1745	2.50473	1
121	21.2128	1.77554	1
122	18.2654	3.62117	1
123	19.1593	1.85266	1
124	15.1662	2.49354	1
125	24.7887	0.450831	1
126	20.2255	3.50898	1
127	23.1341	2.95983	1
128	26.5603	4.3434	1
129	30.6733	39.6638	1
130	28.628	9.16044	1
131	34.5701	2.94584	1
132	30.8028	0.746476	1
133	28.4428	37.781	1
134	35.0251	35.8884	1
135	36.8292	4.38956	1
136	33.6389	3.4858	1
137	39.5122	39.9884	1
138	38.6635	1.78157	1
139	38.7887	7.56521	1
140	1.52267	2.21509	1
141	0.477505	39.4348	1
142	3.75843	5.48815	1
143	3.19964	38.6886	1
144	1.65557	3.36646	1
145	2.6192	3.88703	1
146	8.53306	5.95777	1
147	11.7497	34.5856	1
148	4.67279	4.82015	1
149	14.9586	39.4066	1
150	7.51073	4.22498	1
151	13.5242	4.99707	1
152	15.5778	5.91587	1
153	16.3633	4.03342	1
154	15.768	8.17542	1
155	15.5446	4.75103	1
156	23.9458	1.22044	1
157	19.0246	0.679083	1
158	23.6982	0.0787222	1
159	28.2617	2.88742	1
160	29.1214	2.18063	1
161	29.6571	39.2636	1
162	28.7221	39.954	1
163	30.0358	11.9013	1
164	31.5831	38.9314	1
165	29.0432	6.21742	1
166	28.0403	1.77649	1
167	30.6896	4.73788	1
168	30.9377	5.77966	1
169	30.214	2.48305	1
170	30.0926	6.55805	1
171	33.5991	38.4756	1
172	38.7417	4.05484	1
173	38.2596	38.476	1
174	0.743195	5.17779	1
175	39.4762	10.4628	1
176	0.532585	1.765	1
177	6.53729	2.59966	1
178	3.4514	0.997934	1
179	4.6078	3.68893	1
180	14.5082	4.33097	1
181	10.862	9.15418	1
182	8.9611	9.33396	1
183	39.672	3.49904	1
184	6.53228	5.98289	1
185	14.1817	1.99449	1
186	8.56275	4.72226	1
187	12.8312	9.09502	1
188	16.4843	5.20807	1
189	25.9682	12.4217	1
190	13.7254	8.40478	1
191	18.4771	9.82702	1
192	22.156	6.85051	1
193	17.7196	6.62474	1
194	19.2238	2.97812	1
195	27.833	5.81473	1
196	27.4044	3.64169	1
197	28.5401	4.03442	1
198	30.8479	9.93687	1
199	32.7385	10.1807	1
200	29.3257	3.23444	1
201	28.7417	10.2704	1
202	37.4195	39.0855	1
203	35.7594	3.93555	1
204	34.6981	4.05813	1
205	31.1521	6.93276	1
206	32.0536	6.16271	1
207	37.702	2.45842	1
208	39.3256	8.55551	1
209	38.6385	0.679278	1
210	34.1149	6.92373	1
211	38.2105	8.50189	1
212	0.833727	6.24508	1
213	0.591305	10.3461	1
214	2.70352	4.96029	1
215	3.81421	6.61825	1
216	11.7413	6.30223	1
217	10.0272	10.8758	1
218	7.64089	6.57905	1
219	8.4978	3.59747	1
220	7.9775	9.94586	1
221	5.58609	3.16488	1
222	10.8246	8.03893	1
223	10.0022	9.76947	1
224	15.6311	7.04809	1
225	20.8271	13.6757	1
226	19.2597	4.05332	1
227	19.2483	6.34622	1
228	21.4346	14.5808	1
229	19.235	5.21747	1
230	28.1786	6.89292	1
231	22.1443	5.74547	1
232	29.9384	1.42377	1
233	29.7064	9.5954	1
234	28.4023	8.03107	1
235	31.0972	13.6299	1
236	31.7784	5.05942	1
237	31.3866	8.02212	1
238	29.2114	7.30868	1
239	29.5322	8.43797	1
240	33.7269	4.68997	1
241	36.6155	3.31248	1
242	32.8815	5.43505	1
243	37.7199	3.55895	1
244	39.7656	5.77334	1
245	0.648894	3.99943	1
246	39.9593	9.40588	1
247	0.64879	2.87433	1
248	7.82094	8.83904	1
249	2.61475	8.15639	1
250	9.78477	7.52602	1
251	8.75267	8.25326	1
252	9.12674	13.853	1
253	6.06477	10.1026	1
254	13.7202	7.2622	1
255	9.84093	8.6706	1
256	12.8173	7.86291	1
257	16.9125	8.56328	1
258	12.7381	6.79283	1
259	17.2599	11.683	1
260	27.3456	7.62846	1
261	24.3639	14.2949	1
262	18.0601	8.80232	1
263	20.2096	4.60163	1
264	23.1034	5.13737	1
265	20.1598	2.37229	1
266	24.0483	4.59709	1
267	23.1328	6.26146	1
268	27.0906	12.7367	1
269	30.5291	8.79794	1
270	31.084	14.7181	1
271	29.1249	12.4982	1
272	37.583	0.25016	1
273	36.0157	11.7402	1
274	29.584	4.41097	1
275	32.2685	7.28965	1
276	36.9541	12.3292	1
277	36.0424	13.9958	1
278	38.343	10.5056	1
279	31.5184	3.9666	1
280	0.988066	14.3459	1
281	2.8232	6.07906	1
282	1.8299	6.73849	1
283	39.8561	6.93947	1
284	3.04714	12.0166	1
285	6.94668	9.49251	1
286	1.50543	8.27906	1
287	11.9705	11.9665	1
288	10.8026	6.92091	1
289	8.04706	11.0574	1
290	8.13787	12.1801	1
291	5.06511	9.79834	1
292	17.6809	7.76791	1
293	12.9117	11.336	1
294	20.1428	10.8353	1
295	18.9779	10.7956	1
296	20.9927	15.6306	1
297	19.0009	12.821	1
298	20.2219	5.69446	1
299	22.1268	2.31952	1
300	21.1651	4.02488	1
301	21.1723	5.14995	1
302	23.0755	4.01138	1
303	27.8542	10.931	1
304	30.2949	7.70284	1
305	33.0064	11.3367	1
306	31.0058	12.4918	1
307	32.0651	14.1685	1
308	37.7068	9.50844	1
309	37.057	14.5335	1
310	34.9958	5.14767	1
311	32.649	4.25198	1
312	0.101104	11.373	1
313	37.1022	8.57626	1
314	37.6876	7.61645	1
315	2.08155	14.0855	1
316	38.8628	11.5738	1
317	6.7654	8.37535	1
318	1.70331	10.1842	1
319	1.7872	5.63568	1
320	2.82117	10.0695	1
321	2.45536	0.544084	1
322	11.0373	12.6089	1
323	12.0326	14.2576	1
324	14.7156	7.7607	1
325	13.2424	15.8123	1
326	9.03968	10.442	1
327	12.831	10.2103	1
328	17.8847	13.0246	1
329	18.739	7.80639	1
330	17.8347	10.734	1
331	27.3582	13.8036	1
332	23.6685	15.2157	1
333	19.629	9.90356	1
334	20.212	6.86825	1
335	27.5583	8.73126	1
336	21.1398	6.28121	1
337	27.6365	4.74075	1
338	30.0741	13.0593	1
339	29.8594	5.471	1
340	33.0494	12.4377	1
341	33.247	18.1125	1
342	32.0805	13.1013	1
343	37.742	11.5067	1
344	33.9946	11.8633	1
345	34.9694	12.3469	1
346	2.74125	15.0103	1
347	33.8924	10.705	1
348	3.65273	12.9256	1
349	0.939817	7.32809	1
350	35.0353	6.22095	1
351	1.29268	11.1858	1
352	0.420301	8.36409	1
353	4.3349	8.92529	1
354	2.84692	7.11218	1
355	2.18752	9.22324	1
356	5.25464	11.8377	1
357	4.7092	10.8918	1
358	9.06646	11.5657	1
359	10.1174	12.0444	1
360	9.34879	17.1124	1
361	10.96	10.2976	1
362	11.8757	9.69164	1
363	16.5479	19.2666	1
364	16.6427	7.45694	1
365	19.1303	8.88453	1
366	26.6109	14.6205	1
367	21.1927	7.38372	1
368	25.5349	14.4157	1
369	25.1731	2.76183	1
370	26.8938	11.6406	1
371	28.897	11.3955	1
372	26.4982	8.34106	1
373	28.1485	13.1028	1
374	32.3982	8.34732	1
375	29.1378	13.5967	1
376	29.8318	10.7382	1
377	31.1712	15.9641	1
378	32.0324	11.9567	1
379	35.0191	14.6465	1
380	34.9634	11.182	1
381	34.032	12.9874	1
382	4.17591	11.9303	1
383	35.9905	12.8669	1
384	39.4653	15.8067	1
385	36.0362	15.1008	1
386	0.816794	12.2604	1
387	3.53497	11.0254	1
388	5.83111	8.97723	1
389	7.07807	11.7239	1
390	2.16422	17.1619	1
391	7.68022	7.68476	1
392	12.8917	12.454	1
393	7.06255	10.6205	1
394	9.13617	12.6796	1
395	10.0855	13.1756	1
396	17.339	9.68669	1
397	12.9769	13.6029	1
398	11.7963	7.44101	1
399	16.6849	10.5681	1
400	19.456	11.7855	1
401	25.1696	13.3107	1
402	19.6329	16.6608	1
403	27.7433	9.82629	1
404	24.8956	12.2025	1
405	26.6656	9.40792	1
406	26.2916	13.556	1
407	26.8191	10.5548	1
408	30.4688	17.7922	1
409	28.4601	17.9172	1
410	20.1574	12.6223	1
411	31.3136	17.0797	1
412	32.3647	18.864	1
413	33.075	14.6858	1
414	34.0972	16.3819	1
415	35.048	13.4975	1
416	34.0264	14.1288	1
417	37.0668	17.8456	1
418	1.94382	12.1134	1
419	33.087	6.48322	1
420	1.03433	17.3923	1
421	38.8524	9.51142	1
422	1.55445	20.4112	1
423	1.38393	13.19	1
424	3.15493	13.8862	1
425	3.95634	9.96425	1
426	4.74244	15.3646	1
427	3.27457	9.04483	1
428	11.091	13.7422	1
429	3.62677	15.8559	1
430	15.6611	18.5324	1
431	12.1789	15.3894	1
432	15.5408	19.7056	1
433	16.2283	9.4379	1
434	17.078	17.05	1
435	20.301	14.757	1
436	18.3576	11.7688	1
437	27.8123	14.7313	1
438	27.0561	15.5831	1
439	18.2213	15.0288	1
440	27.9409	12.0124	1
441	18.4041	16.9334	1
442	26.7786	17.5741	1
443	25.9134	15.4568	1
444	30.1922	15.3492	1
445	28.5183	16.7458	1
446	28.4666	19.0406	1
447	33.3616	19.2405	1
448	30.4522	18.9446	1
449	30.0603	14.2239	1
450	38.0998	14.9638	1
451	2.39216	11.0461	1
452	2.5163	12.9971	1
453	33.9923	5.73915	1
454	5.57556	16.1543	1
455	2.49894	16.078	1
456	39.9999	17.6927	1
457	10.1112	18.9127	1
458	6.46304	16.9662	1
459	4.77346	12.8326	1
460	11.9884	13.1287	1
461	6.18624	12.3841	1
462	10.2634	17.6575	1
463	7.22184	12.8247	1
464	3.86553	14.7373	1
465	11.2793	17.1511	1
466	18.8541	15.8887	1
467	11.9168	10.8271	1
468	4.61114	13.9492	1
469	13.2876	17.0109	1
470	19.2616	14.7614	1
471	24.7768	15.3402	1
472	17.5584	14.1217	1
473	21.8598	16.4132	1
474	22.4407	17.3362	1
475	28.2077	15.7228	1
476	30.2704	16.5543	1
477	21.3283	20.5127	1
478	27.4529	16.6478	1
479	29.2862	16.0136	1
480	32.2511	17.6214	1
481	33.061	13.5848	1
482	32.1779	16.4515	1
483	29.5442	17.3414	1
484	37.1651	15.676	1
485	34.106	15.2689	1
486	35.0919	15.7289	1
487	36.996	13.4467	1
488	37.2792	20.058	1
489	0.589643	15.476	1
490	6.07585	11.1561	1
491	8.33707	17.573	1
492	4.18784	17.6646	1
493	7.9941	19.6893	1
494	10.2898	16.5573	1
495	2.96207	17.9593	1
496	10.2362	15.481	1
497	10.9975	11.4415	1
498	10.1833	14.3613	1
499	16.7767	18.1797	1
500	7.25359	17.8003	1
501	18.3267	19.7826	1
502	13.1766	20.3628	1
503	17.0401	15.1647	1
504	20.8906	18.4978	1
505	13.9313	12.9872	1
506	22.3662	15.2639	1
507	23.0045	16.2528	1
508	21.624	19.4408	1
509	25.2405	16.3337	1
510	24.1358	16.2503	1
511	21.965	18.3308	1
512	27.5141	18.5145	1
513	21.3413	17.3545	1
514	27.3915	21.8792	1
515	32.1166	15.3221	1
516	36.08	16.1859	1
517	32.403	19.9476	1
518	34.1357	17.4823	1
519	34.3827	20.8864	1
520	38.0357	13.9137	1
521	39.1698	16.9135	1
522	33.1734	16.9615	1
523	1.6607	15.2487	1
524	38.129	16.1601	1
525	4.48402	16.5212	1
526	1.7685	19.353	1
527	4.36878	25.0762	1
528	5.07166	18.3161	1
529	3.34051	16.8944	1
530	9.92489	20.0407	1
531	9.03062	19.3549	1
532	11.1539	14.9001	1
533	12.1956	16.5496	1
534	10.6168	22.1277	1
535	12.2415	17.625	1
536	15.4289	20.8159	1
537	15.9807	17.4114	1
538	16.5292	20.4348	1
539	17.7804	16.075	1
540	19.824	18.6532	1
541	18.6667	13.88	1
542	19.7105	13.662	1
543	22.3896	20.2375	1
544	26.3355	16.4529	1
545	23.0296	18.229	1
546	29.4704	18.4487	1
547	25.7299	17.328	1
548	25.4737	20.9327	1
549	32.2448	25.035	1
550	33.8843	28.7815	1
551	28.4324	21.2964	1
552	32.9934	25.9252	1
553	32.645	21.0333	1
554	31.3964	18.3387	1
555	37.9577	12.773	1
556	39.6579	12.4771	1
557	36.1576	18.3768	1
558	1.4466	16.3005	1
559	36.0663	17.3166	1
560	37.1399	18.9579	1
561	0.257125	16.5546	1
562	2.60987	20.0919	1
563	5.87656	19.1367	1
564	8.18619	13.3411	1
565	6.17244	18.0382	1
566	11.1792	18.2745	1
567	8.17526	18.6254	1
568	13.9992	22.5364	1
569	11.3249	21.2059	1
570	14.6337	21.6115	1
571	13.2408	23.5125	1
572	10.2294	21.1354	1
573	20.1067	20.5353	1
574	17.5972	20.6365	1
575	9.24617	18.23	1
576	13.0301	14.7273	1
577	18.7011	18.7384	1
578	24.5785	21.5187	1
579	20.2716	17.6369	1
580	22.5928	22.3776	1
581	28.4677	22.4261	1
582	27.4043	20.7634	1
583	26.4938	20.2438	1
584	26.5432	22.5378	1
585	29.3988	21.8742	1
586	35.0315	28.7088	1
587	34.5909	24.7882	1
588	35.2965	20.2584	1
589	35.0795	16.8314	1
590	34.7459	26.7475	1
591	33.0858	15.8376	1
592	34.2264	18.6189	1
593	39.0049	18.003	1
594	39.5673	19.8662	1
595	39.8009	18.7653	1
596	38.4705	20.1973	1
597	2.88173	18.9807	1
598	6.98966	23.5481	1
599	5.52006	22.2556	1
600	0.82196	18.5055	1
601	2.56303	25.4244	1
602	7.71174	22.6542	1
603	10.9752	20.1801	1
604	13.8069	24.5293	1
605	12.9013	22.4455	1
606	16.037	31.0613	1
607	9.91475	23.0022	1
608	17.6086	18.9798	1
609	19.0102	31.2362	1
610	19.1668	17.7585	1
611	19.4179	19.6502	1
612	20.0094	26.9091	1
613	19.6654	21.5981	1
614	22.0572	21.3312	1
615	25.3882	19.7825	1
616	27.5666	23.0207	1
617	29.4478	19.5895	1
618	29.4277	20.6708	1
619	33.4403	20.3046	1
620	29.4428	25.5873	1
621	29.3608	29.0617	1
622	33.4194	24.847	1
623	36.9909	26.4282	1
624	33.7155	26.895	1
625	38.0911	17.2663	1
626	37.0522	16.7612	1
627	36.3078	25.5114	1
628	0.415811	20.7276	1
629	39.2738	20.9865	1
630	5.34396	17.2634	1
631	38.4605	25.1559	1
632	0.332478	25.8545	1
633	2.88365	27.3247	1
634	2.17851	22.64	1
635	7.07554	18.9181	1
636	7.37136	24.582	1
637	11.2566	15.9737	1
638	8.52118	24.7651	1
639	11.0196	23.1137	1
640	11.0108	29.4947	1
641	14.327	20.5977	1
642	17.6632	28.5145	1
643	13.5222	21.5069	1
644	17.9118	17.9069	1
645	12.4904	21.3892	1
646	19.3393	26.0556	1
647	23.6388	22.1364	1
648	20.7393	21.4206	1
649	28.5526	24.9107	1
650	25.6738	24.2265	1
651	26.5156	21.3602	1
652	29.5339	24.4611	1
653	28.4213	20.1509	1
654	30.9589	28.1053	1
655	31.8991	26.1456	1
656	32.7271	28.9223	1
657	28.8817	30.1256	1
658	38.7151	19.1824	1
659	1.11804	29.5738	1
660	35.1517	17.9298	1
661	34.3807	27.7991	1
662	35.2493	25.7371	1
663	38.0281	18.3754	1
664	35.2666	19.0933	1
665	35.4402	21.3714	1
666	1.2442	21.4956	1
667	5.86736	26.271	1
668	2.32999	21.31	1
669	8.08355	23.7835	1
670	7.58133	16.7574	1
671	5.16997	24.1853	1
672	11.7507	22.2273	1
673	11.4712	24.1751	1
674	9.6335	24.9844	1
675	21.3983	23.2742	1
676	18.2001	26.3031	1
677	10.8266	25.0883	1
678	20.4504	22.4939	1
679	18.1344	21.6517	1
680	18.7269	28.1923	1
681	23.2013	21.1161	1
682	25.6638	22.0081	1
683	24.5894	17.2773	1
684	27.6431	24.3126	1
685	23.0201	26.79	1
686	25.6186	29.2953	1
687	24.7704	24.8668	1
688	27.4914	19.5897	1
689	24.2518	26.6016	1
690	29.8503	28.1297	1
691	30.3526	27.1344	1
692	34.0917	25.8139	1
693	32.5665	27.0242	1
694	35.1882	30.6308	1
695	37.3644	25.3987	1
696	33.6361	31.8032	1
697	38.4201	28.0804	1
698	36.2646	19.5872	1
699	35.939	26.5366	1
700	5.47882	28.1803	1
701	38.0783	26.2264	1
702	6.25391	24.3454	1
703	3.30812	24.6836	1
704	4.80442	23.081	1
705	5.92482	23.3305	1
706	12.5698	24.3359	1
707	9.16519	29.9641	1
708	14.1695	30.5551	1
709	16.5444	28.8287	1
710	16.7727	27.7393	1
711	16.931	31.8494	1
712	17.8745	27.451	1
713	14.3478	23.5452	1
714	19.2545	30.1861	1
715	18.9547	27.1446	1
716	23.6064	23.2084	1
717	20.5705	19.536	1
718	23.5329	17.2014	1
719	24.6666	22.5789	1
720	24.3718	20.4313	1
721	23.1199	30.9711	1
722	26.6296	24.815	1
723	27.5819	28.1737	1
724	25.6404	23.1205	1
725	26.709	23.6814	1
726	32.1156	28.0216	1
727	28.1686	27.2136	1
728	31.4686	27.1402	1
729	34.1207	23.7825	1
730	36.3477	30.4985	1
731	39.941	26.9171	1
732	0.691602	19.6246	1
733	38.8279	27.0078	1
734	3.63835	25.8787	1
735	3.41722	29.1061	1
736	1.43185	25.6304	1
737	6.31713	27.4149	1
738	3.03766	23.5196	1
739	6.62522	25.4152	1
740	4.1158	23.9612	1
741	12.1456	23.2791	1
742	10.3594	24.1047	1
743	8.90643	25.8451	1
744	13.0704	25.4241	1
745	17.4065	29.6107	1
746	20.6263	28.7542	1
747	18.5237	33.3869	1
748	17.1118	30.746	1
749	17.9439	31.5483	1
750	23.7156	24.3627	1
751	24.7156	28.494	1
752	24.624	23.6781	1
753	23.8746	27.6469	1
754	21.5046	22.2231	1
755	21.9491	27.2704	1
756	23.9397	31.7345	1
757	21.4415	29.4969	1
758	29.2347	27.0194	1
759	27.1321	29.2635	1
760	34.522	29.7106	1
761	31.8	30.9727	1
762	31.1164	30.0088	1
763	39.5555	27.9442	1
764	36.1436	28.4907	1
765	35.7125	29.594	1
766	34.3057	19.7312	1
767	33.2119	27.8768	1
768	36.3199	20.6613	1
769	2.18007	26.495	1
770	6.62814	28.4203	1
771	8.8243	28.8792	1
772	4.01418	26.9537	1
773	4.74437	26.0496	1
774	8.43534	27.793	1
775	2.22763	24.351	1
776	7.75986	25.5997	1
777	9.18672	23.8683	1
778	8.80926	22.8009	1
779	18.8495	20.7596	1
780	18.4931	29.2892	1
781	19.3755	38.4166	1
782	20.9365	31.6571	1
783	18.751	32.3071	1
784	19.5525	29.0176	1
785	20.8874	27.601	1
786	21.6942	28.3854	1
787	19.7378	27.9628	1
788	20.1153	30.9174	1
789	21.6967	32.4096	1
790	20.3347	29.8187	1
791	28.2452	29.174	1
792	21.9933	31.3151	1
793	22.4871	33.1683	1
794	28.5953	23.6435	1
795	32.2426	29.9782	1
796	25.3065	30.4047	1
797	36.5425	32.3812	1
798	34.0809	30.7447	1
799	34.775	31.7056	1
800	39.5914	33.7436	1
801	39.2471	26.0182	1
802	1.11189	26.6955	1
803	0.303662	28.8383	1
804	2.22437	29.3421	1
805	5.15445	27.0997	1
806	9.50515	28.0495	1
807	1.42662	28.5887	1
808	4.11678	28.0658	1
809	1.86653	18.2235	1
810	7.40461	27.5645	1
811	5.50415	25.2011	1
812	12.4282	30.7499	1
813	11.6719	28.6415	1
814	11.912	25.2262	1
815	15.8042	32.149	1
816	16.9334	35.8826	1
817	16.3087	29.9799	1
818	23.802	25.5877	1
819	20.3546	33.82	1
820	26.4325	30.263	1
821	27.584	25.4206	1
822	23.3607	29.8666	1
823	19.8302	31.9408	1
824	20.1249	34.9734	1
825	21.4203	33.5372	1
826	25.8149	36.4676	1
827	24.3546	33.589	1
828	28.7216	28.1412	1
829	29.3229	32.7021	1
830	30.1811	31.9998	1
831	31.3782	31.9695	1
832	37.5156	30.2477	1
833	32.9984	30.8768	1
834	36.7953	29.3804	1
835	37.0334	31.3311	1
836	36.6626	33.4546	1
837	36.6355	27.4663	1
838	39.1552	28.9758	1
839	4.70122	29.0515	1
840	39.9135	29.8768	1
841	9.27228	26.9571	1
842	7.731	28.6159	1
843	1.8249	27.5291	1
844	10.2322	30.2206	1
845	11.7184	31.5633	1
846	13.2028	29.8996	1
847	15.0436	35.4359	1
848	11.3383	30.5107	1
849	12.4026	33.6959	1
850	7.02237	26.5129	1
851	12.824	31.8239	1
852	18.2023	30.4726	1
853	22.2528	30.2389	1
854	21.355	38.3288	1
855	19.5514	33.0704	1
856	23.6047	28.763	1
857	21.2105	30.5468	1
858	22.7812	28.0351	1
859	19.3409	34.2402	1
860	26.6117	33.5629	1
861	24.4528	29.5996	1
862	30.4801	29.0845	1
863	35.4511	32.8139	1
864	28.4801	26.1143	1
865	30.2923	34.7677	1
866	33.4044	29.8172	1
867	30.7145	31.01	1
868	35.8225	31.5348	1
869	35.478	27.6157	1
870	37.8645	29.0645	1
871	0.665588	27.7741	1
872	6.94347	29.4414	1
873	5.13782	30.1612	1
874	6.59929	31.3859	1
875	6.83266	32.4834	1
876	3.66856	31.0822	1
877	2.47915	1.62526	1
878	39.9811	35.9518	1
879	7.36138	30.5016	1
880	10.5669	31.331	1
881	10.0426	26.0169	1
882	8.41634	30.7634	1
883	9.0363	32.9567	1
884	15.2641	34.35	1
885	17.4405	33.7079	1
886	6.17842	38.0668	1
887	13.9223	31.6404	1
888	14.7309	32.4662	1
889	15.5446	33.2645	1
890	14.964	31.3359	1
891	19.8842	36.169	1
892	20.3411	37.9905	1
893	20.5844	32.7054	1
894	19.5683	37.2099	1
895	20.9363	35.726	1
896	25.1598	37.4512	1
897	30.0235	30.1284	1
898	32.5774	33.9139	1
899	31.9626	32.9074	1
900	24.2568	30.635	1
901	37.6506	33.9108	1
902	34.2282	36.637	1
903	37.7422	27.2656	1
904	38.612	29.9177	1
905	37.5635	32.7583	1
906	32.0626	35.965	1
907	0.736968	30.593	1
908	5.85874	29.2414	1
909	38.6583	34.4357	1
910	6.2753	30.2785	1
911	7.4128	34.533	1
912	4.17536	38.0788	1
913	2.62196	31.2809	1
914	5.17242	38.6379	1
915	10.976	32.3705	1
916	8.21025	26.7325	1
917	9.94024	29.0871	1
918	9.86925	32.1568	1
919	10.53	34.2153	1
920	13.5628	32.7173	1
921	13.0238	34.8868	1
922	13.4489	33.8702	1
923	16.4009	34.0453	1
924	12.8269	28.7954	1
925	15.2356	30.2526	1
926	16.6487	32.9452	1
927	21.1591	34.6511	1
928	19.0742	35.3313	1
929	22.1263	37.5439	1
930	23.5382	32.8128	1
931	24.2947	38.1085	1
932	22.5408	29.1692	1
933	33.1024	32.9036	1
934	31.5996	29.0224	1
935	24.7148	32.5489	1
936	23.2873	33.9556	1
937	36.774	34.5409	1
938	38.9011	35.554	1
939	28.2408	34.6757	1
940	35.7264	34.0082	1
941	34.5977	33.724	1
942	35.853	35.1853	1
943	4.02902	30.0251	1
944	8.09211	29.7009	1
945	2.58634	28.3754	1
946	0.685356	34.2058	1
947	7.67034	31.5623	1
948	12.0566	32.602	1
949	6.25867	0.319634	1
950	9.52938	31.0624	1
951	7.91997	32.666	1
952	10.2096	33.1704	1
953	9.39646	34.1613	1
954	14.4454	33.5243	1
955	7.54583	3.08572	1
956	17.1367	34.8324	1
957	11.3132	33.4968	1
958	16.6155	37.0408	1
959	14.2567	38.5646	1
960	16.0801	35.1364	1
961	18.8279	36.4574	1
962	22.6319	39.7028	1
963	18.2413	34.521	1
964	23.4969	38.9207	1
965	24.9448	34.4647	1
966	27.783	0.697108	1
967	22.7934	32.0348	1
968	26.0051	34.4761	1
969	27.7818	30.1622	1
970	32.5242	31.916	1
971	27.7863	33.627	1
972	28.9598	33.7559	1
973	31.754	39.9724	1
974	33.0553	36.3067	1
975	32.881	35.2104	1
976	39.4536	32.6171	1
977	38.6341	33.2668	1
978	2.99699	30.235	1
979	12.079	29.7073	1
980	32.2555	37.0403	1
981	2.15847	38.2412	1
982	0.0937323	37.097	1
983	4.04	35.8987	1
984	0.253914	38.2706	1
985	15.5106	37.2624	1
986	7.44948	1.95101	1
987	5.2159	39.8897	1
988	5.43659	0.989986	1
989	14.2112	34.6233	1
990	14.4196	37.5204	1
991	14.7354	36.4746	1
992	17.1636	38.997	1
993	13.8623	35.7227	1
994	20.0861	1.23876	1
995	24.9704	1.66391	1
996	19.9827	0.0739963	1
997	17.6777	36.6962	1
998	25.4657	33.3985	1
999	25.0848	31.464	1
1000	26.4988	35.5795	1
1001	26.8753	1.35948	1
1002	25.4249	35.4507	1
1003	30.9004	32.9325	1
1004	31.2893	33.9569	1
1005	25.3924	38.5796	1
1006	30.1048	36.227	1
1007	34.278	32.7205	1
1008	32.4605	38.0737	1
1009	22.9252	36.8067	1
1010	33.3224	37.3811	1
1011	7.25481	33.5244	1
1012	34.7177	34.8253	1
1013	37.7664	35.1109	1
1014	38.0825	36.2275	1
1015	33.6727	34.4718	1
1016	1.8755	30.4145	1
1017	39.7258	34.8075	1
1018	4.04729	37.0164	1
1019	4.27429	39.204	1
1020	4.44126	1.55645	1
1021	8.30475	33.7669	1
1022	15.8267	36.237	1
1023	20.9933	0.662527	1
