0	0	3.05989
0.01	0.000304485	3.0216
0.02	0.00121199	2.9915
0.03	0.00271725	2.96082
0.04	0.00481352	2.9304
0.05	0.00749654	2.90215
0.06	0.0107624	2.87466
0.07	0.0146005	2.84275
0.08	0.0189905	2.80191
0.09	0.0239419	2.77327
0.1	0.0294211	2.73088
0.11	0.0354622	2.70963
0.12	0.0420566	2.68662
0.13	0.0491739	2.6505
0.14	0.0568395	2.627
0.15	0.0649907	2.58657
0.16	0.0736846	2.56639
0.17	0.0828809	2.54326
0.18	0.0925708	2.51534
0.19	0.102723	2.48115
0.2	0.113403	2.46811
0.21	0.124581	2.44251
0.22	0.136255	2.42089
0.23	0.148436	2.39974
0.24	0.161099	2.37667
0.25	0.174216	2.35069
0.26	0.187817	2.33227
0.27	0.201878	2.30911
0.28	0.216375	2.28205
0.29	0.231347	2.26176
0.3	0.246701	2.22603
0.31	0.262484	2.20343
0.32	0.278748	2.18717
0.33	0.295467	2.1669
0.34	0.312573	2.14296
0.35	0.330088	2.11936
0.36	0.348017	2.08711
0.37	0.366411	2.07546
0.38	0.385166	2.04649
0.39	0.404333	2.03092
0.4	0.423835	2.00247
0.41	0.443758	1.98537
0.42	0.464095	1.9734
0.43	0.484786	1.94627
0.44	0.505863	1.92693
0.45	0.527225	1.90055
0.46	0.548952	1.87561
0.47	0.570951	1.85034
0.48	0.593311	1.82628
0.49	0.615896	1.79487
0.5	0.638965	1.79201
0.51	0.662419	1.77606
0.52	0.686143	1.74667
0.53	0.710173	1.72381
0.54	0.734636	1.71709
0.55	0.759394	1.70055
0.56	0.784418	1.68583
0.57	0.809817	1.67149
0.58	0.835675	1.66179
0.59	0.861677	1.62711
0.6	0.888085	1.60998
0.61	0.914893	1.59913
0.62	0.942021	1.57139
0.63	0.969497	1.55902
0.64	0.997336	1.54819
0.65	1.0255	1.53394
0.66	1.05394	1.51799
0.67	1.08251	1.48468
0.68	1.11151	1.48184
0.69	1.14067	1.45949
0.7	1.17011	1.44328
0.71	1.19986	1.42753
0.72	1.22985	1.40373
0.73	1.2599	1.37582
0.74	1.29023	1.36381
0.75	1.32065	1.33068
0.76	1.35122	1.31937
0.77	1.38204	1.30307
0.78	1.41295	1.29242
0.79	1.44413	1.28487
0.8	1.47536	1.26407
0.81	1.50695	1.25231
0.82	1.53886	1.24378
0.83	1.57109	1.24163
0.84	1.60344	1.22228
0.85	1.63592	1.2038
0.86	1.6688	1.19995
0.87	1.70183	1.18267
0.88	1.7349	1.17537
0.89	1.76807	1.1522
0.9	1.80133	1.13818
0.91	1.83482	1.13374
0.92	1.86865	1.12644
0.93	1.90253	1.112
0.94	1.93648	1.09692
0.95	1.97074	1.08937
0.96	2.00547	1.0875
0.97	2.04034	1.07362
0.98	2.07546	1.06102
0.99	2.11075	1.05203
1	2.14625	1.04341
1.01	2.18212	1.03738
1.02	2.21852	1.04924
1.03	2.25493	1.02913
1.04	2.29154	1.0256
1.05	2.32815	0.998863
1.06	2.36492	0.986492
1.07	2.4018	0.968909
1.08	2.43889	0.968098
1.09	2.47636	0.950098
1.1	2.51386	0.943379
1.11	2.55162	0.933416
1.12	2.58973	0.936141
1.13	2.62808	0.935877
1.14	2.6665	0.925444
1.15	2.70547	0.925601
1.16	2.74469	0.919173
1.17	2.7839	0.899348
1.18	2.82342	0.896736
1.19	2.863	0.873651
1.2	2.90282	0.874293
1.21	2.94264	0.861479
1.22	2.98259	0.854394
1.23	3.02263	0.845766
1.24	3.06281	0.833501
1.25	3.10329	0.824585
1.26	3.14387	0.818822
1.27	3.18462	0.811516
1.28	3.22572	0.807983
1.29	3.2672	0.808911
1.3	3.30906	0.807209
1.31	3.35123	0.811294
1.32	3.39359	0.80176
1.33	3.43615	0.800525
1.34	3.4788	0.792535
1.35	3.52171	0.784756
1.36	3.5646	0.766366
1.37	3.60786	0.761618
1.38	3.65151	0.767606
1.39	3.69523	0.746783
1.4	3.73925	0.737494
1.41	3.78326	0.733148
1.42	3.82728	0.724426
1.43	3.87144	0.740746
1.44	3.91589	0.745247
1.45	3.9603	0.731374
1.46	4.00466	0.716637
1.47	4.04937	0.718159
1.48	4.09432	0.7027
1.49	4.13949	0.707596
1.5	4.18456	0.685393
1.51	4.22953	0.670326
1.52	4.27473	0.664783
1.53	4.3204	0.666304
1.54	4.36634	0.672865
1.55	4.41211	0.651122
1.56	4.4581	0.642048
1.57	4.50456	0.645871
1.58	4.55096	0.623343
1.59	4.59781	0.624517
1.6	4.64487	0.617969
1.61	4.69193	0.604686
1.62	4.73889	0.584797
1.63	4.78625	0.584938
1.64	4.83383	0.586366
1.65	4.88144	0.588631
1.66	4.9291	0.572654
1.67	4.97692	0.572289
1.68	5.0246	0.565577
1.69	5.0723	0.553611
1.7	5.11996	0.537679
1.71	5.1679	0.538726
1.72	5.21608	0.547316
1.73	5.26412	0.540301
1.74	5.31258	0.547155
1.75	5.36091	0.545325
1.76	5.40952	0.543788
1.77	5.45872	0.549155
1.78	5.50803	0.539453
1.79	5.55754	0.531797
1.8	5.60765	0.544346
1.81	5.65793	0.535065
1.82	5.70855	0.52813
1.83	5.75923	0.523636
1.84	5.81029	0.52254
1.85	5.86157	0.513048
1.86	5.91309	0.499875
1.87	5.96495	0.501369
1.88	6.01704	0.517696
1.89	6.06905	0.508014
1.9	6.12072	0.499037
1.91	6.17214	0.477872
1.92	6.22398	0.468111
1.93	6.27602	0.466173
1.94	6.3284	0.455619
1.95	6.38083	0.44117
1.96	6.43374	0.448392
1.97	6.48666	0.451482
1.98	6.53961	0.448336
1.99	6.59227	0.424334
2	6.64517	0.418931
2.01	6.69815	0.419888
2.02	6.75077	0.401005
2.03	6.8038	0.399664
2.04	6.85701	0.403351
2.05	6.91022	0.397241
2.06	6.96329	0.386602
2.07	7.01655	0.378847
2.08	7.06976	0.367469
2.09	7.12296	0.365439
2.1	7.17607	0.357052
2.11	7.22925	0.351704
2.12	7.28278	0.344593
2.13	7.33644	0.350514
2.14	7.39004	0.352757
2.15	7.44373	0.346317
2.16	7.49795	0.351442
2.17	7.55196	0.333341
2.18	7.60621	0.33572
2.19	7.66022	0.327565
2.2	7.71425	0.322147
2.21	7.76872	0.329943
2.22	7.82303	0.330359
2.23	7.87761	0.322677
2.24	7.93259	0.316502
2.25	7.98799	0.330224
2.26	8.04379	0.328067
2.27	8.09951	0.316144
2.28	8.15556	0.32267
2.29	8.21205	0.323752
2.3	8.26848	0.297817
2.31	8.32499	0.307787
2.32	8.381	0.290645
2.33	8.43675	0.288871
2.34	8.49252	0.290791
2.35	8.54855	0.299942
2.36	8.60483	0.295427
2.37	8.66142	0.297993
2.38	8.71784	0.293604
2.39	8.7741	0.285828
2.4	8.8303	0.278858
2.41	8.88672	0.287381
2.42	8.94303	0.284657
2.43	8.99969	0.281942
2.44	9.0563	0.274608
2.45	9.11342	0.272665
2.46	9.17032	0.27022
2.47	9.22707	0.264463
2.48	9.28417	0.268427
2.49	9.34144	0.270992
2.5	9.39861	0.267451
2.51	9.45548	0.243041
2.52	9.51238	0.243017
2.53	9.56925	0.254337
2.54	9.62573	0.249202
2.55	9.68243	0.244848
2.56	9.73901	0.23766
2.57	9.7959	0.229276
2.58	9.8529	0.225736
2.59	9.90976	0.22924
2.6	9.96647	0.228542
2.61	10.0235	0.225884
2.62	10.0809	0.227707
2.63	10.1389	0.218638
2.64	10.1968	0.210848
2.65	10.2544	0.208708
2.66	10.3121	0.198639
2.67	10.3692	0.190492
2.68	10.426	0.187616
2.69	10.4827	0.184326
2.7	10.5395	0.168827
2.71	10.5958	0.153784
2.72	10.6528	0.160164
2.73	10.7094	0.152952
2.74	10.7659	0.152188
2.75	10.8228	0.145351
2.76	10.8802	0.156108
2.77	10.9377	0.162037
2.78	10.9956	0.171637
2.79	11.0537	0.161999
2.8	11.1117	0.151342
2.81	11.1694	0.150605
2.82	11.227	0.15208
2.83	11.2847	0.154256
2.84	11.3428	0.158502
2.85	11.4011	0.154627
2.86	11.4594	0.159631
2.87	11.5177	0.149098
2.88	11.576	0.138842
2.89	11.6344	0.133626
2.9	11.693	0.139137
2.91	11.7522	0.145258
2.92	11.8115	0.13957
2.93	11.8711	0.147944
2.94	11.9305	0.146726
2.95	11.9899	0.157888
2.96	12.0497	0.156437
2.97	12.1095	0.142781
2.98	12.17	0.148921
2.99	12.2302	0.144096
3	12.2902	0.145082
3.01	12.3503	0.151786
3.02	12.411	0.148375
3.03	12.4719	0.142407
3.04	12.5328	0.146722
3.05	12.5937	0.139574
3.06	12.6543	0.141531
3.07	12.7149	0.143454
3.08	12.7756	0.140911
3.09	12.8366	0.144128
3.1	12.898	0.142692
3.11	12.9598	0.156182
3.12	13.0217	0.161277
3.13	13.0832	0.146348
3.14	13.1447	0.150566
3.15	13.2058	0.149764
3.16	13.2667	0.140489
3.17	13.3281	0.146352
3.18	13.3897	0.151609
3.19	13.4513	0.149777
3.2	13.5127	0.14132
3.21	13.574	0.135475
3.22	13.6353	0.138316
3.23	13.6973	0.15131
3.24	13.7591	0.141
3.25	13.8209	0.122082
3.26	13.8831	0.120828
3.27	13.9453	0.111637
3.28	14.0074	0.113195
3.29	14.0691	0.11433
3.3	14.1307	0.114901
3.31	14.1924	0.117383
3.32	14.2536	0.11506
3.33	14.3149	0.108081
3.34	14.3759	0.125064
3.35	14.4366	0.117196
3.36	14.4972	0.126188
3.37	14.5575	0.113484
3.38	14.617	0.0975254
3.39	14.6757	0.0872876
3.4	14.7349	0.08842
3.41	14.7934	0.075135
3.42	14.8521	0.0710084
3.43	14.911	0.0770432
3.44	14.97	0.0861983
3.45	15.029	0.0875741
3.46	15.0882	0.100805
3.47	15.1475	0.103741
3.48	15.2073	0.115681
3.49	15.2675	0.119279
3.5	15.3272	0.124365
3.51	15.387	0.120329
3.52	15.4466	0.115439
3.53	15.5063	0.112692
3.54	15.5664	0.103023
3.55	15.6264	0.102535
3.56	15.686	0.104022
3.57	15.7453	0.0937694
3.58	15.8045	0.0895036
3.59	15.8637	0.072872
3.6	15.9233	0.0715879
3.61	15.983	0.0774137
3.62	16.0423	0.0590273
3.63	16.1017	0.0633096
3.64	16.1613	0.0732795
3.65	16.2212	0.0788637
3.66	16.2807	0.0706258
3.67	16.3407	0.0786549
3.68	16.4007	0.0732531
3.69	16.4596	0.0547737
3.7	16.5182	0.0537809
3.71	16.5767	0.0545382
3.72	16.6354	0.03141
3.73	16.6942	0.0352617
3.74	16.7536	0.0466093
3.75	16.8127	0.0456676
3.76	16.8714	0.025853
3.77	16.9302	0.0323457
3.78	16.9886	0.0305287
3.79	17.0478	0.056018
3.8	17.1072	0.0442169
3.81	17.1668	0.0566682
3.82	17.2271	0.0524466
3.83	17.2875	0.0481331
3.84	17.3482	0.0599006
3.85	17.4087	0.0577351
3.86	17.4692	0.0672056
3.87	17.5298	0.0638826
3.88	17.5904	0.0650317
3.89	17.6514	0.0767702
3.9	17.7129	0.0855638
3.91	17.7742	0.0991111
3.92	17.835	0.0900187
3.93	17.8956	0.098718
3.94	17.9561	0.107086
3.95	18.0159	0.103936
3.96	18.0757	0.119404
3.97	18.1352	0.110599
3.98	18.1946	0.115569
3.99	18.2534	0.112215
4	18.312	0.105233
4.01	18.371	0.112997
4.02	18.4299	0.121357
4.03	18.4892	0.123122
4.04	18.5485	0.123432
4.05	18.6078	0.122131
4.06	18.6671	0.124729
4.07	18.7264	0.121898
4.08	18.7851	0.119655
4.09	18.8432	0.113114
4.1	18.9015	0.11564
4.11	18.9596	0.113931
4.12	19.0177	0.127194
4.13	19.0758	0.12727
4.14	19.1336	0.118297
4.15	19.1915	0.118152
4.16	19.2498	0.118398
4.17	19.3082	0.119307
4.18	19.3671	0.119754
4.19	19.4257	0.106834
4.2	19.4843	0.108525
4.21	19.5428	0.107076
4.22	19.6013	0.10162
4.23	19.6599	0.100971
4.24	19.7179	0.0843422
4.25	19.7766	0.0818329
4.26	19.8356	0.077456
4.27	19.8951	0.0830676
4.28	19.9546	0.0925135
4.29	20.0144	0.0934959
4.3	20.0748	0.0948053
4.31	20.1352	0.097569
4.32	20.1955	0.0826625
4.33	20.2551	0.0654277
4.34	20.3153	0.0734991
4.35	20.3757	0.0712531
4.36	20.4357	0.066803
4.37	20.4964	0.0536914
4.38	20.5572	0.0548095
4.39	20.6182	0.0651249
4.4	20.6791	0.0554613
4.41	20.7402	0.0492767
4.42	20.8009	0.0602855
4.43	20.8612	0.0554136
4.44	20.9216	0.0569946
4.45	20.9811	0.0446923
4.46	21.0404	0.0391308
4.47	21.0999	0.0374123
4.48	21.159	0.0442514
4.49	21.2188	0.0462587
4.5	21.2782	0.0313896
4.51	21.3372	0.0162489
4.52	21.3964	0.0260592
4.53	21.4559	0.0457849
4.54	21.5151	0.0438437
4.55	21.5742	0.0216356
4.56	21.6337	0.0265955
4.57	21.6932	0.0112127
4.58	21.7519	0.00323254
4.59	21.8111	0.00753434
4.6	21.8708	0.00192486
4.61	21.9307	-0.0054916
4.62	21.9909	-0.0157558
4.63	22.0514	-0.0149137
4.64	22.1124	-0.012454
4.65	22.1732	-0.0150833
4.66	22.2337	-0.0129936
4.67	22.2943	-0.0139051
4.68	22.3547	-0.0220111
4.69	22.4148	-0.0306197
4.7	22.4753	-0.0260489
4.71	22.5361	-0.0215461
4.72	22.5965	-0.015719
4.73	22.6561	-0.0272937
4.74	22.7158	-0.0355282
4.75	22.7758	-0.0341508
4.76	22.8359	-0.0211516
4.77	22.896	-0.030187
4.78	22.9565	-0.0237168
4.79	23.0164	-0.0163388
4.8	23.0762	-0.0171761
4.81	23.1359	-0.0155374
4.82	23.1956	-0.019538
4.83	23.2557	-0.0222128
4.84	23.3166	-0.0114239
4.85	23.3765	-0.0207291
4.86	23.4363	-0.0332712
4.87	23.4959	-0.0341259
4.88	23.5554	-0.0387327
4.89	23.6153	-0.0330383
4.9	23.6749	-0.0378707
4.91	23.7345	-0.0293463
4.92	23.7945	-0.0258738
4.93	23.855	-0.027073
4.94	23.9163	-0.0220858
4.95	23.9778	-0.0310755
4.96	24.0391	-0.0334069
4.97	24.101	-0.0436071
4.98	24.1631	-0.0480242
4.99	24.2251	-0.0539001
5	24.288	-0.0534226
5.01	24.3508	-0.0375512
5.02	24.4131	-0.0325915
5.03	24.4755	-0.038154
5.04	24.5384	-0.0276476
5.05	24.6006	-0.0222354
5.06	24.6632	-0.0204606
5.07	24.7255	-0.00951319
5.08	24.7879	-0.00869343
5.09	24.8501	-0.0126213
5.1	24.9119	-0.0143239
5.11	24.9736	-0.0109364
5.12	25.0355	-0.0179414
5.13	25.0969	-0.00980136
5.14	25.1582	-0.0105923
5.15	25.2191	-0.0110922
5.16	25.2805	-0.0172959
5.17	25.3421	-0.017227
5.18	25.4036	-0.0112107
5.19	25.4652	-0.0159477
5.2	25.5271	-0.0175723
5.21	25.5889	-0.0228888
5.22	25.6504	-0.0193189
5.23	25.7116	-0.0131791
5.24	25.7727	-0.0131064
5.25	25.8343	-0.0144073
5.26	25.8964	0.000743195
5.27	25.9583	-0.00498218
5.28	26.0201	-0.00610018
5.29	26.0823	-0.00462334
5.3	26.1442	-0.00554766
5.31	26.2062	-0.00419807
5.32	26.2678	-0.0142835
5.33	26.3303	-0.0187556
5.34	26.393	-0.0144077
5.35	26.4545	-0.0176025
5.36	26.5154	-0.0319339
5.37	26.5759	-0.0313241
5.38	26.6362	-0.0338467
5.39	26.6963	-0.0474171
5.4	26.7571	-0.0439478
5.41	26.8185	-0.0430642
5.42	26.88	-0.0398952
5.43	26.9406	-0.0482481
5.44	27.0013	-0.0472778
5.45	27.0617	-0.0489558
5.46	27.1217	-0.0511733
5.47	27.1809	-0.0529356
5.48	27.239	-0.062718
5.49	27.2968	-0.0703803
5.5	27.3546	-0.0599801
5.51	27.4127	-0.0560726
5.52	27.471	-0.0516019
5.53	27.5291	-0.0315903
5.54	27.5867	-0.0374115
5.55	27.6444	-0.0347982
5.56	27.7019	-0.0458806
5.57	27.7587	-0.0508093
5.58	27.8143	-0.0546538
5.59	27.8697	-0.0802366
5.6	27.925	-0.0772555
5.61	27.9801	-0.0690451
5.62	28.0357	-0.0607123
5.63	28.0911	-0.0558051
5.64	28.1469	-0.0442818
5.65	28.2032	-0.0624738
5.66	28.2576	-0.076203
5.67	28.3125	-0.0731367
5.68	28.3679	-0.0628508
5.69	28.4236	-0.0625044
5.7	28.4791	-0.0627658
5.71	28.5344	-0.0561553
5.72	28.5893	-0.0649627
5.73	28.6446	-0.0513276
5.74	28.6993	-0.0532041
5.75	28.7535	-0.0501666
5.76	28.8071	-0.0571153
5.77	28.8608	-0.0516214
5.78	28.9147	-0.0537641
5.79	28.9683	-0.0463752
5.8	29.022	-0.0507423
5.81	29.076	-0.044422
5.82	29.1301	-0.0318817
5.83	29.1843	-0.0181933
5.84	29.2381	-0.0227711
5.85	29.292	-0.00496427
5.86	29.3472	-0.00313952
5.87	29.402	-0.00290696
5.88	29.4571	-0.0195711
5.89	29.512	-0.0222997
5.9	29.5669	-0.0233562
5.91	29.6224	-0.0167335
5.92	29.6778	-0.0144937
5.93	29.7334	-0.0303314
5.94	29.7891	-0.0435378
5.95	29.8446	-0.0415779
5.96	29.9006	-0.0487696
5.97	29.9566	-0.0539577
5.98	30.0128	-0.0509018
5.99	30.0691	-0.0521634
6	30.1257	-0.0454703
6.01	30.1823	-0.0391149
6.02	30.2392	-0.0402294
6.03	30.2968	-0.0310267
6.04	30.3544	-0.0310121
6.05	30.412	-0.0384903
6.06	30.4694	-0.0281521
6.07	30.5262	-0.0273774
6.08	30.5826	-0.0424993
6.09	30.6391	-0.0497729
6.1	30.6956	-0.0571478
6.11	30.7518	-0.0603227
6.12	30.8082	-0.0564713
6.13	30.8649	-0.0478308
6.14	30.9217	-0.035706
6.15	30.9777	-0.0488984
6.16	31.0338	-0.0375757
6.17	31.09	-0.0297538
6.18	31.1456	-0.03351
6.19	31.2018	-0.0332529
6.2	31.2573	-0.0467735
6.21	31.3131	-0.0599502
6.22	31.3689	-0.0689312
6.23	31.4243	-0.0793699
6.24	31.4794	-0.0804796
6.25	31.5351	-0.0647857
6.26	31.59	-0.0669019
6.27	31.6465	-0.0591972
6.28	31.7027	-0.0541762
6.29	31.759	-0.0625029
6.3	31.8154	-0.0606404
6.31	31.8716	-0.0491328
6.32	31.9281	-0.0760127
6.33	31.9846	-0.0859837
6.34	32.0407	-0.0956797
6.35	32.0967	-0.0883784
6.36	32.1527	-0.0959528
6.37	32.2095	-0.0974371
6.38	32.2665	-0.0903108
6.39	32.3231	-0.0946834
6.4	32.3797	-0.0960885
6.41	32.4365	-0.0899619
6.42	32.4923	-0.0919846
6.43	32.5486	-0.0912182
6.44	32.6046	-0.105786
6.45	32.6602	-0.1082
6.46	32.7163	-0.0926132
6.47	32.7724	-0.0994656
6.48	32.8288	-0.100736
6.49	32.8854	-0.0937951
6.5	32.9419	-0.0967259
6.51	32.9993	-0.0953619
6.52	33.0566	-0.0955055
6.53	33.1144	-0.0835747
6.54	33.1722	-0.0862051
6.55	33.2296	-0.07891
6.56	33.2864	-0.0658727
6.57	33.3428	-0.0746688
6.58	33.3998	-0.0732741
6.59	33.457	-0.0763009
6.6	33.5141	-0.0762753
6.61	33.571	-0.0895147
6.62	33.6279	-0.0879436
6.63	33.685	-0.0829831
6.64	33.7419	-0.0819925
6.65	33.7999	-0.081
6.66	33.858	-0.0840976
6.67	33.9155	-0.0770712
6.68	33.9726	-0.0862754
6.69	34.0299	-0.0755002
6.7	34.0871	-0.0870071
6.71	34.1446	-0.0814092
6.72	34.202	-0.0774237
6.73	34.2589	-0.078687
6.74	34.3153	-0.0858094
6.75	34.3719	-0.0752291
6.76	34.4286	-0.0849182
6.77	34.4851	-0.0911939
6.78	34.5418	-0.0774244
6.79	34.5986	-0.0730634
6.8	34.6543	-0.0761326
6.81	34.7106	-0.0533028
6.82	34.7675	-0.0732142
6.83	34.8243	-0.0667081
6.84	34.8816	-0.0632139
6.85	34.9396	-0.0581747
6.86	34.9981	-0.0625179
6.87	35.0562	-0.0614833
6.88	35.1136	-0.0652855
6.89	35.1714	-0.0571336
6.9	35.2297	-0.0518773
6.91	35.2877	-0.065032
6.92	35.3462	-0.0713011
6.93	35.4052	-0.0605256
6.94	35.4647	-0.0621668
6.95	35.5245	-0.0656551
6.96	35.5836	-0.0761089
6.97	35.6431	-0.0762907
6.98	35.7024	-0.072273
6.99	35.7616	-0.0639548
7	35.8217	-0.0447572
7.01	35.8811	-0.0500205
7.02	35.9402	-0.0590522
7.03	35.9988	-0.0641929
7.04	36.0575	-0.0704169
7.05	36.1173	-0.0722487
7.06	36.1776	-0.0640767
7.07	36.2374	-0.070867
7.08	36.2968	-0.0826337
7.09	36.3562	-0.0746376
7.1	36.4157	-0.076555
7.11	36.4753	-0.082663
7.12	36.5352	-0.0965845
7.13	36.5952	-0.0982332
7.14	36.6547	-0.105192
7.15	36.7132	-0.103815
7.16	36.7722	-0.0969032
7.17	36.8316	-0.0966528
7.18	36.8916	-0.0930732
7.19	36.952	-0.0836288
7.2	37.0134	-0.0818597
7.21	37.0749	-0.0885051
7.22	37.1355	-0.0864684
7.23	37.1966	-0.0778398
7.24	37.2584	-0.0708717
7.25	37.3195	-0.0685454
7.26	37.3801	-0.0637232
7.27	37.4408	-0.0680296
7.28	37.5014	-0.0677458
7.29	37.5622	-0.0643676
7.3	37.6224	-0.0632783
7.31	37.6827	-0.0578645
7.32	37.7429	-0.045206
7.33	37.8021	-0.0515137
7.34	37.8614	-0.0572558
7.35	37.9218	-0.0588869
7.36	37.9815	-0.067513
7.37	38.041	-0.0607635
7.38	38.1015	-0.0480769
7.39	38.1629	-0.0407034
7.4	38.2248	-0.0332478
7.41	38.2869	-0.0374101
7.42	38.35	-0.0276444
7.43	38.4126	-0.0351143
7.44	38.4745	-0.0317144
7.45	38.5359	-0.0374218
7.46	38.5978	-0.0426172
7.47	38.6588	-0.0467838
7.48	38.7201	-0.053395
7.49	38.7814	-0.0504881
7.5	38.8434	-0.040934
7.51	38.9053	-0.0470717
7.52	38.967	-0.0446135
7.53	39.0291	-0.0491714
7.54	39.09	-0.0662706
7.55	39.1503	-0.0690357
7.56	39.2104	-0.0723687
7.57	39.2703	-0.0863777
7.58	39.3303	-0.0900192
7.59	39.3894	-0.0898359
7.6	39.4503	-0.0846519
7.61	39.51	-0.0783397
7.62	39.5695	-0.0749255
7.63	39.6297	-0.0694677
7.64	39.6904	-0.0689347
7.65	39.7503	-0.0676884
7.66	39.8099	-0.0691915
7.67	39.8699	-0.0655202
7.68	39.9308	-0.0616121
7.69	39.9906	-0.0624233
7.7	40.0503	-0.0488697
7.71	40.1099	-0.0549869
7.72	40.1704	-0.0523885
7.73	40.2312	-0.0533762
7.74	40.2918	-0.0492544
7.75	40.3526	-0.0574072
7.76	40.4133	-0.0638674
7.77	40.4743	-0.0468431
7.78	40.5355	-0.0405638
7.79	40.596	-0.0540209
7.8	40.6557	-0.0612206
7.81	40.716	-0.063168
7.82	40.776	-0.0738773
7.83	40.8347	-0.073889
7.84	40.8934	-0.0800937
7.85	40.9526	-0.0711499
7.86	41.0121	-0.0650605
7.87	41.0709	-0.0885586
7.88	41.1297	-0.0909855
7.89	41.1891	-0.0836773
7.9	41.2484	-0.0760368
7.91	41.3082	-0.0859789
7.92	41.3689	-0.08256
7.93	41.4297	-0.080974
7.94	41.4902	-0.0852427
7.95	41.5502	-0.0793641
7.96	41.6091	-0.0917537
7.97	41.6672	-0.0901429
7.98	41.7259	-0.0947923
7.99	41.7852	-0.0812266
8	41.8444	-0.0800842
8.01	41.904	-0.070419
8.02	41.9634	-0.0659732
8.03	42.023	-0.0722455
8.04	42.0819	-0.0731651
8.05	42.1409	-0.0696825
8.06	42.1998	-0.0600705
8.07	42.2584	-0.0689458
8.08	42.3176	-0.074975
8.09	42.3773	-0.0597526
8.1	42.4372	-0.0733154
8.11	42.496	-0.0749784
8.12	42.5548	-0.0720431
8.13	42.6131	-0.0665226
8.14	42.6717	-0.0676512
8.15	42.7291	-0.0624983
8.16	42.7863	-0.0553775
8.17	42.8443	-0.0421645
8.18	42.9021	-0.0215462
8.19	42.9598	-0.0163588
8.2	43.0184	-0.0124654
8.21	43.0769	0.00193023
8.22	43.1352	-0.0018102
8.23	43.1935	0.00586798
8.24	43.2509	-0.00359259
8.25	43.3079	-0.0121503
8.26	43.365	-0.00545083
8.27	43.4221	-0.0100931
8.28	43.4796	-0.0119216
8.29	43.5377	-0.0163873
8.3	43.5968	-0.0172968
8.31	43.6561	-0.0234114
8.32	43.7152	-0.0300326
8.33	43.7748	-0.0175
8.34	43.8341	-0.0104064
8.35	43.8923	-0.0169159
8.36	43.9504	-0.0193866
8.37	44.0092	-0.0224215
8.38	44.0678	-0.00358234
8.39	44.1262	-0.00899097
8.4	44.1848	-0.000939492
8.41	44.2438	-0.00682599
8.42	44.3019	-0.00751512
8.43	44.3614	0.0082365
8.44	44.4205	0.0140221
8.45	44.4796	0.0309167
8.46	44.5399	0.0356663
8.47	44.5994	0.0362571
8.48	44.6596	0.0354378
8.49	44.7192	0.0443959
8.5	44.7789	0.0526907
8.51	44.8388	0.0465006
8.52	44.8986	0.0584029
8.53	44.959	0.0415816
8.54	45.019	0.0379573
8.55	45.0779	0.0358243
8.56	45.1362	0.0266166
8.57	45.1948	0.0194654
8.58	45.2541	0.0203259
8.59	45.313	0.0196723
8.6	45.3718	0.0191347
8.61	45.4312	0.0223382
8.62	45.49	0.0137687
8.63	45.5492	0.01385
8.64	45.6086	0.0277226
8.65	45.6676	0.015838
8.66	45.7257	0.0160557
8.67	45.7831	0.0138388
8.68	45.8412	0.0115392
8.69	45.8985	0.00360266
8.7	45.9564	0.0105746
8.71	46.0147	0.00828013
8.72	46.0723	0.00264417
8.73	46.13	0.00325177
8.74	46.1871	0.00474108
8.75	46.2439	0.00299787
8.76	46.3013	0.0166447
8.77	46.3587	0.0154828
8.78	46.416	0.0113104
8.79	46.4742	0.0170997
8.8	46.5323	0.00537257
8.81	46.5906	0.0123772
8.82	46.6501	0.0055948
8.83	46.7096	0.0086676
8.84	46.7694	0.00510088
8.85	46.8295	0.00247049
8.86	46.8897	-0.000592036
8.87	46.95	0.00784598
8.88	47.0101	0.00613272
8.89	47.0705	0.0108341
8.9	47.1312	0.0142445
8.91	47.1912	0.0137219
8.92	47.2514	0.0124019
8.93	47.3108	0.00688964
8.94	47.3712	-0.00207288
8.95	47.4319	0.00856067
8.96	47.4924	0.0128929
8.97	47.5527	0.00482973
8.98	47.6131	-0.00311422
8.99	47.6742	-0.000439425
9	47.7346	0.00497016
9.01	47.795	0.0168971
9.02	47.8547	0.0145318
9.03	47.9157	0.0180297
9.04	47.9763	0.0123684
9.05	48.0375	0.0130717
9.06	48.0988	0.018096
9.07	48.1602	0.0271289
9.08	48.2224	0.0258026
9.09	48.2849	0.0161726
9.1	48.3481	0.0144133
9.11	48.4116	0.0196254
9.12	48.4746	0.0042145
9.13	48.5374	0.00866154
9.14	48.6004	0.0013828
9.15	48.6635	0.00252986
9.16	48.7275	-0.00114794
9.17	48.7927	-0.0018247
9.18	48.858	-0.014881
9.19	48.9224	-0.0149365
9.2	48.9871	-0.00603971
9.21	49.0514	-0.00513665
9.22	49.1167	0.0126103
9.23	49.1815	0.0149446
9.24	49.2466	0.00102148
9.25	49.3123	0.00633665
9.26	49.3779	-0.00795711
9.27	49.4431	-0.0130249
9.28	49.5089	-0.00533122
9.29	49.5744	0.00559899
9.3	49.64	0.0111175
9.31	49.7053	0.0179327
9.32	49.7708	0.0248666
9.33	49.8355	0.0245899
9.34	49.9002	0.0239639
9.35	49.9653	0.0414306
9.36	50.0317	0.0414284
9.37	50.0971	0.0207958
9.38	50.1626	0.0272952
9.39	50.2293	0.0424431
9.4	50.2961	0.0428571
9.41	50.3624	0.0476355
9.42	50.4289	0.0491107
9.43	50.4948	0.0526148
9.44	50.5599	0.0441373
9.45	50.6255	0.0333839
9.46	50.6898	0.0278634
9.47	50.754	0.0231906
9.48	50.8172	0.0207247
9.49	50.8811	0.0231598
9.5	50.9459	0.0219001
9.51	51.0108	0.0211364
9.52	51.0746	0.0231045
9.53	51.1389	0.024756
9.54	51.2036	0.0313326
9.55	51.2666	0.0278591
9.56	51.3303	0.0399201
9.57	51.3947	0.0439443
9.58	51.4587	0.0505678
9.59	51.5226	0.0597965
9.6	51.5855	0.0610187
9.61	51.6482	0.0530591
9.62	51.7105	0.0490037
9.63	51.7725	0.0445475
9.64	51.8345	0.0387733
9.65	51.8959	0.0350573
9.66	51.9571	0.0400491
9.67	52.0178	0.0288367
9.68	52.0785	0.023404
9.69	52.1389	0.0400141
9.7	52.1983	0.0445813
9.71	52.2584	0.0419667
9.72	52.3173	0.0381441
9.73	52.3755	0.0255608
9.74	52.4341	0.0117388
9.75	52.493	0.0161177
9.76	52.5525	0.0182597
9.77	52.6112	0.0270461
9.78	52.6698	0.021375
9.79	52.7287	0.0186758
9.8	52.7887	0.0257463
9.81	52.8484	0.0188467
9.82	52.9086	0.0123983
9.83	52.9699	-0.00148383
9.84	53.032	0.00233394
9.85	53.0933	0.00161195
9.86	53.1549	0.00539338
9.87	53.2163	0.000845641
9.88	53.2777	-0.00512721
9.89	53.3406	-0.00591167
9.9	53.4036	-0.0025019
9.91	53.466	-0.00389499
9.92	53.5291	-0.00339323
9.93	53.5919	0.00104761
9.94	53.6558	0.0101032
9.95	53.7192	0.0105351
9.96	53.7819	0.0245037
9.97	53.8443	0.0172732
9.98	53.9065	0.00665621
9.99	53.9693	0.0111672
