-0.345324
1.11227
0.641006
0.608056
1.15915
-0.712082
0.417466
-1.71895
2.28091
-0.400054
0.225145
-2.27172
1.38714
0.866331
0.308187
-1.03258
0.300349
-0.358203
-0.321359
-1.11381
1.24417
0.0474476
-1.52985
0.844847
0.39271
2.22414
0.472805
-0.00641742
0.980675
-0.749836
1.5565
0.154229
0.894644
-0.227977
-0.904516
-1.32841
-0.86296
0.0541931
0.563226
-1.06204
-0.304702
0.786889
-0.718388
-0.0695497
0.290527
-1.70496
1.33681
-0.641019
2.08178
0.155588
-0.562489
0.038588
0.730646
-0.105514
0.163729
0.319236
0.985429
-0.891123
-1.37333
1.31713
-0.89902
0.505623
1.01119
-0.159352
-0.501975
0.973994
0.351762
-0.242362
1.33978
-1.074
0.102713
0.528939
0.905164
0.396976
0.779234
-0.111086
1.22358
-0.394803
0.590069
0.264499
-1.49799
-0.0922981
-0.936076
1.94076
-1.46351
0.799445
-0.680967
1.01151
-1.49997
-0.290069
-0.597307
-0.834082
-2.09693
1.41749
1.61462
-0.028241
-0.974087
1.53808
-0.703986
1.33881
-0.993225
-0.7636
-1.49425
0.493948
0.470101
-0.703911
0.274706
-0.350579
0.506213
-0.693822
0.0319046
-0.662066
-0.539692
-0.672263
0.651497
0.833918
0.226316
0.0758076
1.28073
0.68766
-0.821265
0.039353
1.31719
-0.158962
1.52775
0.438268
-1.2228
0.359203
-0.359951
-1.11953
0.765243
-2.05442
-1.33178
2.23058
-0.635803
0.297586
1.60995
0.192773
0.999989
0.203833
0.704255
1.35382
0.0618173
0.0697039
-0.0344107
2.09466
0.342651
-0.348901
-1.25665
0.746676
-1.28874
0.616053
-1.05324
1.15381
-1.13249
-0.721999
0.201379
-0.644426
0.652375
-1.19286
0.483632
0.0109617
0.366922
-1.75044
-0.59645
0.338185
2.44887
-0.75463
-0.0734925
0.66529
0.928464
-0.437011
1.073
-1.68942
-0.497792
0.623377
-0.197473
2.0324
-1.92784
-0.178548
-0.863761
0.577086
-0.437609
0.116111
1.68695
-0.740394
1.11889
1.41395
-1.07274
-0.52003
1.58709
1.36178
-0.887794
1.19353
-0.804455
0.64953
0.233092
0.531032
-1.2603
0.79507
-0.868259
0.0683078
0.565433
-0.358846
-0.609453
0.279216
-0.293988
-0.825729
1.84123
1.51489
-1.23653
0.97505
-0.734128
0.956658
-1.03041
-0.5658
-0.506283
0.983572
-0.268324
-1.31747
0.770782
1.02553
0.362757
-0.739739
1.32543
-0.561385
-0.326809
0.398978
0.232624
1.42192
0.562923
-0.281802
2.74215
-0.0667934
-0.508185
-0.758029
-0.0234221
1.12341
1.18407
-0.123306
-1.86764
-0.0359555
0.550812
-0.955746
-0.673704
0.424727
-0.184048
2.50413
0.505232
0.761803
-0.526103
-0.608903
-1.05403
-0.00410354
-0.362969
-0.94089
0.491258
-0.199273
0.22865
0.764977
0.379102
0.401386
-2.10483
-0.0500683
1.63449
-1.08745
-1.45433
0.656803
0.295747
-0.787853
-1.39226
-0.896929
-0.647707
-0.267121
0.701949
-0.117406
-1.57312
0.56053
1.19774
0.726328
-1.22718
-0.0450196
0.28933
0.881899
-1.46085
0.0885779
-2.04143
1.59221
-0.369332
1.15382
-0.779908
-1.14607
0.817053
1.35156
0.677823
0.699798
-0.646539
-0.346182
0.410625
0.679158
-0.0699357
-0.619505
-0.132623
-1.46877
-0.238836
-0.816706
1.02548
-1.29384
-0.303026
0.254315
1.48726
-0.223905
-0.547792
1.8318
0.226844
-0.963918
0.948944
2.49572
-1.72223
1.18544
0.665461
-0.335046
-1.28125
-0.0908622
0.557651
2.3766
1.36887
1.69231
0.632138
-0.510496
-1.54244
-0.102639
-0.543042
0.848346
0.862255
-0.325517
1.06499
-0.526729
-0.265814
0.0912353
0.830583
-0.723942
1.07824
0.404099
-1.02894
-0.707537
0.462575
-1.24231
0.323166
-0.722322
0.710915
0.914348
-0.424988
-1.28877
-0.652681
-1.82321
-0.572918
-1.34893
-1.20412
0.114548
-0.302159
0.0344833
-1.46463
-1.48889
1.0804
-0.885555
0.800786
-1.2818
0.812524
0.101309
0.977265
0.586722
-1.07198
1.12784
1.21044
0.116007
1.5326
1.27219
-2.48654
0.463667
1.37391
-0.865309
0.605283
1.02767
0.17985
-0.42264
0.451652
-1.18604
0.595081
1.75724
-1.07864
-0.88109
0.915024
0.397605
-0.518988
-1.04304
0.793294
0.350256
-1.31829
1.08208
-0.103517
0.127035
0.0123992
-1.22832
0.510148
0.955383
1.56228
-0.799682
0.138616
1.07894
0.190564
0.105292
0.73217
0.0869018
2.98108
-0.317178
0.374021
1.24336
-0.186286
0.462748
0.237173
0.995733
1.28852
0.684553
0.676778
0.632054
0.652977
-1.48398
-1.26383
-0.111702
0.388808
0.31469
0.364516
0.827008
1.7674
-1.38129
1.70644
1.13565
-1.16938
0.128214
-0.458617
0.0775968
0.171444
1.89772
0.0576441
1.27403
-0.0265557
-1.00946
-0.637859
0.0146206
-0.436229
1.1889
-0.72947
2.09735
-0.264405
-1.08296
-0.543569
-1.47485
1.29361
0.304736
-1.38104
2.14407
0.186067
-0.00850685
1.17743
1.70378
-0.692686
-0.685729
0.664531
0.204364
-0.263691
1.68899
1.14848
-0.201264
0.223712
0.334366
0.447286
-2.02605
-0.120679
-1.50985
-0.0481257
0.639876
-0.176357
-1.32909
0.698671
0.734795
-0.247501
0.413275
-0.97588
-1.68097
1.79664
2.00573
-1.18906
0.470151
-2.21893
-0.349571
0.64635
0.238787
0.4806
-1.30504
-1.20384
-0.505716
1.10041
1.73944
0.914205
1.67537
0.0930377
-0.674247
-1.54647
0.382256
1.38636
0.519472
-0.201803
-1.26833
1.44924
-0.0602771
0.323119
0.0964532
-0.480861
-0.800224
-0.303688
0.86638
0.262287
0.423061
-1.76085
-0.187666
0.32502
0.964759
0.381136
0.196311
-0.583972
-0.847418
-0.449765
-0.503992
-1.12428
0.437977
-0.330682
-0.453128
2.10584
-0.540863
-0.663767
0.176554
-0.0835423
-2.48714
-1.75023
-0.536647
0.293024
-0.181852
-1.3235
0.283127
-0.0717961
-0.49013
0.582018
0.721034
0.0273169
-0.538643
0.590977
-1.09235
-1.04452
1.21057
0.302312
0.802274
-0.409838
-0.144424
0.693897
0.610105
1.062
1.16002
-0.285718
0.617359
-0.824968
1.03078
-0.513079
0.510495
-0.596452
0.121693
-0.559646
-0.393553
-0.630695
0.127179
-1.6757
-0.2134
-1.19024
0.31273
-0.710102
2.54021
2.52194
0.81323
-0.887607
0.741053
0.771376
-1.36177
-0.349676
0.0276176
-0.198185
0.560958
0.111324
-1.44777
-1.62653
-0.835187
1.10304
1.3673
-1.67439
-0.410744
-1.01804
1.23783
0.685292
-0.754738
0.853833
-1.12506
0.306379
1.07154
1.15712
-1.22988
1.19552
0.0921726
-0.837491
-0.858164
0.02676
-0.794052
0.25167
0.880561
1.31674
0.127165
-1.24538
-1.3875
-0.00511606
-0.198658
1.03434
-1.02864
0.0308896
1.33465
-0.815498
-0.0628997
-0.0732049
-1.38344
-0.16542
-0.269446
0.800664
1.52124
-0.112493
0.123801
1.61786
-0.15125
1.58379
0.526535
0.272051
0.156911
0.109024
-0.152974
-0.924175
-0.79805
-0.856336
0.94837
-0.336453
0.217614
1.28806
-1.0605
-2.2667
-1.50254
-1.31188
1.148
-0.994432
0.270071
-0.206795
-0.709758
0.387796
-0.880592
-1.37167
0.391143
0.350582
2.04301
0.359459
-0.152192
-0.449593
0.319077
0.018185
-0.562178
-1.32531
-0.4627
-1.21549
-0.169356
-0.620224
-1.7954
-0.108285
-1.06369
0.672874
1.0418
-1.31276
0.110085
1.43917
-1.67574
1.39574
0.964282
-2.32776
0.982439
0.300136
1.2458
-0.541427
1.24488
-0.804161
-0.235973
-0.44633
1.21987
0.0453853
0.0258481
0.267205
0.281562
0.879147
1.39432
2.33063
0.30173
2.71688
0.0827782
0.561873
1.44232
0.59444
-0.651636
0.480779
0.703421
0.541099
-1.02559
-0.665937
-0.315745
-1.75283
-0.154334
-0.639948
-0.905295
0.435996
0.153762
0.03807
-1.53104
-0.436277
-0.760158
1.98381
0.83744
-0.339788
0.474942
1.09076
1.46714
0.412631
0.438415
1.74783
1.34388
0.753089
0.723813
-0.403187
-0.205487
-0.477527
-1.09327
-2.07738
-0.975532
-0.752509
0.278006
0.813256
-0.383665
-0.858752
0.233441
0.614856
0.752911
-1.66616
-1.26616
-1.50522
-0.6988
-0.677268
0.156303
-0.150847
0.893387
0.349534
0.762104
-1.7862
-2.47817
-0.973111
-0.73294
0.460538
-1.52427
-0.719601
-0.382646
-0.131963
1.65876
-1.39142
-0.0639535
-0.887954
-0.582248
0.889334
-0.60875
1.33465
1.07106
2.02122
0.434734
1.28081
-0.13319
0.321656
0.595515
-1.27288
-0.393411
-0.264417
0.258824
-1.19488
1.17792
0.448953
-2.1099
2.11836
-0.645317
-0.327169
1.77864
-0.181599
0.0151185
-0.815959
-0.612071
-0.529824
1.83269
0.706403
-1.21654
-0.634508
-1.18266
-2.70402
0.527355
-0.419011
-0.145855
-1.81962
0.179337
-0.482122
-1.09563
1.13437
-0.195621
1.04724
0.670011
-1.01234
-0.320036
-0.911426
-0.168781
0.41141
0.0883222
0.404726
-0.455647
-0.898338
-1.60878
1.75284
-2.40146
-0.0899492
-0.512046
-0.544487
-0.614558
0.568837
1.28966
-0.070892
-0.784856
-1.02391
-2.32626
1.14002
0.345973
-1.37798
0.293057
0.593399
1.04273
-2.34865
-0.505072
0.593036
-0.195128
-0.193259
0.00343338
-0.597874
-0.875842
-1.38353
0.740925
-0.884005
1.3117
-0.389603
0.674623
1.91997
0.577756
0.12037
0.444097
-0.952331
1.95506
0.639393
-0.204814
-0.273968
-0.466416
-0.635771
0.915955
0.59159
-0.808625
0.654267
0.332745
0.468579
-1.08831
0.806613
0.382965
0.36794
-1.72792
0.303956
-0.318918
-0.360696
-0.258134
1.1179
-0.146619
-1.88154
2.22308
0.482982
-0.120008
-0.442726
-0.461945
-0.716846
-1.2961
0.215834
0.704472
1.34041
-1.54225
-2.34826
0.336945
1.94541
0.0183959
1.51024
0.931518
0.965259
0.0491189
0.769671
-1.13521
-0.279205
1.75625
-0.565548
0.504134
-1.17619
-1.23882
-1.11067
0.481668
-0.242231
-1.06466
-0.512539
-1.28553
-0.443808
0.332946
0.207675
1.66641
-1.63815
0.153743
0.229313
-1.51266
-0.458886
-1.46578
-0.164602
1.70267
-0.080028
-0.89206
-1.33675
0.801768
-0.699659
-0.899046
-1.78784
-2.20965
0.736506
-1.68023
0.0420973
1.06579
0.0538383
0.165205
-0.465485
1.26021
-2.02358
0.177021
1.33862
0.761657
0.103076
1.11355
-0.876409
0.184506
-0.130863
0.334785
-0.547073
0.0916291
0.0915641
1.48384
-0.130945
0.763832
-0.456643
0.359269
-0.99591
0.764523
-0.112366
1.33024
1.46322
0.114318
-1.76674
0.482053
-0.742805
-0.610943
0.745277
1.46153
0.65597
-1.06117
0.965645
0.943057
1.0211
-1.36021
0.462197
0.365818
-1.0254
-1.53558
-0.323081
1.04211
1.76523
0.484779
-0.311928
2.17805
0.666531
1.62969
-0.459965
-1.64128
0.700937
-1.78256
-0.0627829
-0.82805
0.863686
0.386431
-0.740153
-0.615129
-0.652798
0.126237
0.839412
-0.759533
0.202744
-1.12187
-0.385501
1.31091
-1.12964
2.17042
-0.328124
0.6832
-0.768761
1.26339
0.769547
0.541845
-0.400793
1.20061
-0.813963
0.441811
0.591706
-0.161925
0.101763
-2.13327
-1.01408
0.182952
-0.198069
-0.525905
-0.33107
-0.729872
-0.29215
-0.472729
-0.152782
2.07921
0.810921
-1.99991
-0.457547
1.25855
0.386349
1.7637
-0.363115
1.64353
0.957881
-2.05781
-0.982134
0.715784
-1.39583
0.852509
1.32868
-0.770665
-1.62914
0.247261
-1.15994
0.579894
0.218963
1.56653
-0.429783
-2.43406
-0.0734558
0.773689
1.04884
0.748167
-2.39788
0.614496
0.0186637
0.274732
1.71609
-0.479045
-1.79409
1.56259
2.01545
-0.747445
1.19964
-1.97428
0.684251
0.64293
0.0457312
-0.535461
-0.761195
-1.84558
-0.0575179
-0.31956
0.621331
0.0874597
-0.369774
0.562893
-0.717337
1.5591
1.32529
0.961801
0.464871
-2.70222
-2.89776
-0.102159
-0.250135
-0.497645
-0.172071
1.65341
0.309581
0.366434
2.28089
0.141148
1.04384
2.25468
0.483415
-2.05349
-0.376425
-0.4668
0.417325
0.337505
-1.05814
2.09082
1.49607
2.22536
0.208389
0.013604
-1.83418
-0.692335
0.0187629
0.466069
1.48567
0.756636
-0.0118312
0.223024
0.186797
3.41052
-2.40726
-0.450792
2.05793
0.973615
-1.65458
1.14903
-1.50259
-0.0770522
-0.750387
1.13345
-0.303382
-2.2032
-0.416934
-0.872285
0.424513
-1.45644
-2.1272
-0.0815391
0.365768
1.84421
1.36432
0.663388
-0.922164
0.141634
0.934197
0.856582
-1.46908
-0.149386
0.910137
-0.944042
-1.68768
0.820569
0.650005
0.0692656
0.649603
1.00169
0.876958
-0.670093
-1.92954
-0.597876
0.664687
1.07381
-0.266142
0.489935
0.0371021
-0.164578
0.479215
1.10355
-1.31539
-1.51693
0.0377996
1.70724
-3.30239
0.00187677
-1.06622
0.669363
-0.0813037
-1.70169
0.380201
1.04439
1.47032
-1.39156
-1.07857
-0.983646
-0.26876
0.6045
0.312356
0.535349
0.329044
-0.65007
0.587513
1.39562
1.14893
0.267438
0.643214
-0.557318
-0.539156
0.468165
-0.435656
0.135737
-0.981006
1.77843
0.677551
-0.0569076
1.22612
-0.142189
1.49662
0.422525
-0.0455405
-1.05748
-0.897497
-1.16341
0.0144287
-0.581952
-0.866265
0.909585
0.377911
-2.00632
0.472673
-0.0654496
-0.840044
0.163398
1.53568
-1.01808
-1.42395
1.5402
-1.00162
0.606546
0.353689
-0.404258
-1.09483
0.732413
-0.427489
-0.242026
1.25297
1.33856
0.287208
-0.042884
0.272415
-0.240128
-0.125199
0.342241
1.00602
-0.164038
0.652196
-0.41852
-0.523757
-1.54515
0.478968
0.184752
-0.154323
2.19805
-0.549279
0.0964005
0.233171
0.490663
0.482062
-0.46209
-1.82036
-0.253829
0.463395
1.02347
0.405744
-0.499378
-0.891164
-0.202681
-0.223651
0.368835
-0.293565
-0.29891
0.979806
0.509365
-0.301852
-0.661707
0.470318
-0.200066
0.358118
-0.23978
-1.15893
0.332859
-0.0386649
0.413734
-0.032314
-0.297059
0.67118
0.470469
0.133992
2.31314
-0.711895
-0.637597
0.872741
-0.154665
0.0313067
-0.493859
-0.652378
-1.18448
-2.16386
-1.9821
-0.386743
-1.55115
1.10078
0.359814
1.49503
1.73554
0.855877
-1.5111
-1.09462
-0.113009
0.616465
0.201948
-0.645237
-0.43662
0.266359
-0.582853
-0.709891
-0.878154
1.98332
-0.361659
0.93436
1.01039
-0.325286
-0.783001
1.75226
0.415705
0.236756
-0.0858814
0.217749
0.28457
0.327732
0.538641
0.872226
0.93015
0.847877
1.28318
0.648589
0.946303
0.893166
0.45937
-0.353625
-0.648625
1.15326
0.243834
0.226314
-1.32048
-0.922603
-0.229951
1.50832
-0.636441
-0.201714
-0.398299
-1.28136
0.116659
-0.183635
-0.881253
0.375027
-0.972818
1.62507
-0.0266315
-1.4468
0.887271
-1.88479
-0.370001
-0.423723
-0.714481
-0.639044
-0.782909
1.45037
0.406679
0.176403
-0.889621
-1.79373
-0.332799
0.786553
-2.36033
-0.619857
2.43832
-0.229321
0.197292
0.653994
0.227117
2.09411
1.87573
0.774421
1.06449
-0.598131
-0.769251
1.31906
-0.212866
0.863399
0.106145
0.363
-0.729878
-0.599889
-1.01721
0.736672
-2.01787
-0.183907
-2.06783
1.5964
-0.570762
0.49513
-0.434269
0.112089
-0.11313
0.801803
1.06292
0.465426
-2.49116
1.35766
-1.74902
0.584744
0.485219
-1.69575
-0.921498
0.18412
1.67792
0.258473
0.124473
-2.09834
-0.0580088
0.850138
0.101314
0.107945
-0.694956
-0.1379
0.255646
-0.742478
-0.166965
0.10677
1.55741
-0.889474
0.463916
-0.108755
-0.970993
0.00904332
0.304052
0.708261
0.863534
0.736517
0.325858
-0.618605
1.37999
0.514994
0.651288
-1.93043
-0.565573
-0.616938
-0.471485
-1.23294
0.246246
0.430254
-0.0676881
0.275951
-1.61303
-0.391908
-0.387326
-0.737723
-0.506457
-0.320244
0.131985
0.305656
0.533433
0.218238
1.14423
1.46822
1.57129
-0.0745517
0.612561
-1.27271
-1.67667
-0.208617
1.54146
0.391547
0.102637
-0.11695
0.696445
-0.689015
0.144644
2.00163
-0.710858
0.28724
0.908874
-0.316278
0.290309
0.0415245
1.50951
0.610103
-1.0334
0.613102
-0.449716
-1.09286
0.562817
-0.661998
0.145174
0.221483
-0.00505379
1.13062
0.818894
1.1247
-0.325694
-0.820244
0.731742
0.0166744
0.284128
-0.806934
0.601317
-0.296987
-1.55851
-0.796687
0.296207
-0.116433
0.18898
-0.333874
-1.20118
-0.769288
-0.808029
-1.38979
0.0888319
2.03444
0.0080912
-0.578381
-0.093955
0.901101
-0.530967
1.39462
0.401385
-0.832347
1.06076
0.375031
-1.52465
0.253012
-0.198556
-0.77065
0.351099
-2.18614
0.447791
2.17401
1.18544
0.829255
1.36181
-0.542627
0.430592
-0.551682
0.244231
0.0508559
0.335704
1.75141
-0.404243
0.0671947
1.35134
2.83936
0.214246
0.566435
0.746036
1.1966
0.497282
0.408751
-0.589985
1.33148
1.19256
0.303137
-0.485115
0.939393
1.2611
-0.698692
-1.94967
-0.662588
-0.346076
0.237681
0.0466456
0.330975
-1.33282
-1.93441
0.650532
-0.101215
-0.594524
2.71591
1.08037
-0.679636
-0.361096
0.641486
-0.210992
-0.00140124
0.819858
0.760937
1.8217
0.473941
-0.557135
0.730229
-0.349194
1.98089
-0.707122
1.16282
-0.836168
0.04767
0.0306843
-1.82573
-0.0395424
-0.611815
-0.307551
-0.939405
-1.32353
1.36922
0.114815
0.0341674
0.915413
-0.388194
-0.453989
0.220836
2.27801
0.159808
-1.0469
-0.18668
-0.215421
-1.36099
2.14485
-0.238178
-0.840004
0.459059
0.334379
-0.018731
-1.95314
0.40571
0.456308
-0.477378
0.373312
-2.78813
-0.370239
-0.256325
0.938276
1.48041
1.80815
1.72638
0.35371
0.177435
-1.09886
-1.73264
0.194312
-0.515055
0.31395
0.899279
0.642874
0.263297
-0.300421
-0.0590334
1.96861
0.796922
-2.43956
-0.914237
-0.597582
-1.06487
0.610293
-0.70211
-0.499152
-0.963388
0.357962
2.07104
1.48324
-0.333127
-0.31668
0.50278
-0.776553
-0.358301
0.680279
-0.656617
-1.57973
-0.294513
0.0404938
-1.8068
0.147215
0.527299
1.06162
1.41632
0.329627
0.450818
-0.00338654
1.03028
-0.642778
0.372857
-1.01071
1.74901
0.54236
0.67921
-0.830923
-0.342756
0.9629
1.64806
-0.292201
1.19702
0.866959
-0.445149
-0.587772
0.797435
1.17339
2.73551
0.727655
1.03345
-1.56146
0.936554
0.160282
-0.652093
-0.146652
0.40101
0.675232
0.774751
0.453106
1.14762
-0.138674
-0.411668
-0.0151717
1.81303
0.584648
-0.440357
1.51131
0.529574
-0.752653
-0.133999
0.336874
-0.00721345
0.26532
-0.882777
-1.13803
0.0173635
-1.47969
0.719932
-0.790524
1.28557
1.96012
-1.74923
1.02791
-0.637576
1.18252
0.575713
0.454026
0.679468
0.098747
0.477434
2.69129
0.316428
-1.66766
-0.687705
-0.795761
-0.0240729
-0.509465
-1.06344
0.20196
1.03319
-0.700141
-1.19231
0.554854
0.318486
1.41789
2.32121
1.34192
-0.879951
0.365445
-0.129281
0.807383
1.96064
-0.198966
1.00817
0.366745
0.968059
0.144994
1.38129
-0.520452
-0.215013
-1.09817
0.836977
-0.995497
1.80982
1.93243
-1.42901
-0.0418756
-0.691403
1.22913
0.0970707
-0.191117
0.889951
-0.454016
0.715424
-0.415251
0.647102
-0.11909
-0.415304
-2.29995
0.0337773
-0.106447
2.14406
0.309771
-0.837332
0.00628226
0.923082
0.0972749
0.444771
0.852884
-0.696027
-0.295465
0.871792
-0.234021
0.784305
0.32616
-0.15841
-0.861502
-0.591684
-0.450004
0.194569
-1.15034
-1.78443
-1.68316
-1.22478
-1.85807
0.806963
0.814332
0.190143
0.26939
-1.51221
-1.80441
0.865002
-0.140837
0.444202
6.06719e-05
-0.534142
1.11112
-0.889416
0.392502
-0.653527
-0.0689543
-1.29518
0.153935
0.961502
-1.1256
-0.907749
0.971562
0.0421656
1.91487
-1.28583
2.27647
-0.164802
-1.68906
0.72398
-1.18013
0.303943
0.709059
-1.96087
1.30584
-1.26535
1.50341
-0.839077
1.06732
-1.42925
0.077412
0.719298
-2.07644
-1.1393
-1.04796
0.873755
0.435488
0.600789
-0.0351237
-1.44087
0.199417
0.733314
-1.16514
0.579177
-0.176836
-1.28599
-1.9327
1.87437
-1.14379
-0.267048
-0.60172
1.00715
-1.28102
0.224306
0.108325
-0.0439432
-0.536475
0.334377
-1.59666
1.06656
1.62171
0.15353
0.224151
-0.411567
1.11464
-0.77101
1.3832
0.419721
0.0772634
-0.302108
0.59643
-1.43632
1.07428
0.182733
0.347524
-1.23803
0.621598
-1.54833
-1.23177
-0.288485
-1.19427
-0.339962
1.26202
-0.0221885
0.473275
0.774617
-0.0819559
-0.460082
0.749296
0.738516
-1.69893
0.77006
0.303072
1.85226
0.529865
-0.136939
1.19824
0.28155
0.456618
0.186591
1.60541
0.18603
-0.438997
0.853844
-1.03027
0.247051
0.735516
-0.484761
-0.0106385
0.173275
-2.18304
0.589043
-0.0789758
0.214655
-0.360609
1.66326
0.261325
-0.737624
0.24764
-0.728196
-2.71743
-1.93666
0.602518
-0.724971
-1.05317
-0.432068
0.74419
-0.060904
0.802579
-0.514874
0.763083
-0.147211
-0.765801
-0.250561
-1.19902
-2.12471
0.302608
-0.385929
-0.197648
0.105528
2.05765
0.657961
-2.31533
-0.481588
1.23493
1.15951
0.570399
-0.757987
-1.54979
-0.468575
0.692549
0.62597
-0.685791
-1.02368
-1.04415
-0.941826
-0.640501
-2.18066
0.795816
-0.201782
0.281553
-0.338364
0.598639
0.824463
1.0999
-1.04589
1.63426
0.640227
-0.0248123
-0.635259
1.08686
0.86019
-0.674831
0.173212
1.04345
-0.675416
0.558553
0.996804
0.155896
-2.65121
1.2363
-0.514064
-0.764486
0.16728
-0.186435
1.06833
1.55589
-0.215906
1.49563
-0.616809
-0.0650005
-0.0267214
0.690149
0.429796
-1.25754
-3.08804
-1.04905
-1.64455
-1.2391
-0.0180335
-0.483562
1.45195
0.155554
0.252068
2.08705
-0.188236
-0.273647
1.69233
-1.32424
0.732595
1.86214
1.28735
-1.97931
-1.23446
-0.301437
-0.0728254
-0.259191
-0.0794768
-1.28785
-0.949422
-0.207946
0.104389
0.43388
-0.39089
1.75067
-1.7035
1.05461
-0.277871
0.463291
-1.7413
-0.110127
-1.05843
0.375671
0.0774988
1.26435
-0.216912
-0.754913
-0.938204
-0.229939
0.475332
1.5441
-1.15449
0.327119
0.554019
1.8357
-0.461461
1.40111
1.32039
0.0954914
0.201813
-0.187647
-0.338774
-0.0860033
-0.193013
-1.88258
-0.707381
-0.238325
1.27824
-0.648097
-0.254528
-0.195475
1.11289
-0.584006
-0.480407
-0.155037
-2.04511
-0.853142
0.280045
-0.238531
-0.242632
-0.680024
-0.251357
1.74638
1.29909
-1.80877
1.23726
-1.15097
-0.182261
-0.550023
-1.00165
-0.492491
0.46512
-0.799108
-0.177826
0.534587
-0.58148
0.843497
0.0915847
-1.99702
0.434443
-0.588746
-0.176838
0.0910129
1.77435
-1.03302
0.889896
-0.662776
0.585152
-1.36377
-1.88313
-0.242687
-1.40434
-1.0076
0.86357
-2.9641
0.17093
0.191748
-0.768915
0.0501966
-0.573425
1.4609
-0.0627746
-1.06904
-0.625826
-0.0539275
0.689144
-0.385397
0.627194
1.74454
0.496923
0.192419
-0.32971
-0.289993
-0.581965
-0.449683
1.88908
-1.46332
1.02179
-0.101874
-0.0685369
-0.977864
0.197085
-0.0873327
0.0349957
0.687263
1.02263
-1.09333
-0.147371
0.75039
-0.401698
-1.1421
-2.18366
-2.1116
-0.708127
-0.510143
-0.174615
-0.251145
-0.202006
-0.518209
-0.0879695
-2.35643
-0.377263
-0.0991988
1.06423
-1.3151
0.186073
1.2521
-1.05453
0.0739461
-0.307832
-1.58533
-2.35005
1.12401
0.351096
2.5013
0.806168
2.50266
0.328153
-0.105411
1.9252
0.735567
1.19304
1.94574
-0.884382
-0.726481
-0.905234
0.170664
-0.317758
0.215844
1.54121
0.300892
-1.98216
-1.18713
-0.737758
1.06973
0.715209
-0.0312055
0.00688103
-1.57584
-0.544721
-1.22153
1.27577
0.373585
-1.16913
-0.726047
0.264207
0.414783
-1.26813
-0.120445
0.922439
-0.862337
-0.0125819
-1.16928
0.787998
1.04347
-0.7899
-0.61385
2.84531
0.285879
0.303409
-0.763773
-0.506199
0.943972
-0.406583
-0.302586
0.958519
1.12143
1.02551
-1.09363
0.447798
1.65225
1.02745
-0.163202
-1.80125
0.733705
1.6255
-1.10931
0.748448
-0.278986
-0.692632
-1.0818
-1.38623
0.891927
1.69076
-0.000306051
-0.0206337
0.695936
0.862931
0.744894
-0.0794578
-0.85985
-0.809724
1.4578
-0.1742
-1.19705
0.135863
0.618967
0.0891822
0.0662821
-1.00176
-0.579285
1.91305
0.632845
0.104751
-0.154504
-0.0111387
-0.745832
-0.235308
-0.0135852
0.663293
0.643477
0.087617
-1.28559
-0.567834
0.747751
0.0263126
0.339469
-0.960942
0.364855
0.0353133
0.220732
-0.873731
1.1205
1.08541
2.41802
0.216802
-0.154884
0.907572
0.754717
1.28709
0.292627
2.1428
1.62604
2.22776
0.823086
-0.421436
0.111756
-0.476452
-1.3738
-0.377569
1.15215
0.211395
0.606454
0.69201
0.252416
-0.590072
-0.865376
0.336062
0.42281
-2.86625
-0.601104
1.19414
-1.0347
-0.413433
-0.14492
0.862222
-0.0545484
-2.51997
-0.566319
0.595888
2.15696
-1.5724
-0.512141
1.86506
1.00424
-0.983109
1.71365
0.0891087
-0.463231
0.145823
-0.350692
-1.62046
-0.00324014
0.0496645
0.461536
1.17675
-0.301293
0.705391
-0.280741
0.915134
-1.23708
1.6123
1.40652
-0.419087
0.213516
2.43315
1.02942
-2.1784
1.24754
0.154653
-0.42329
-0.875214
0.0742402
0.544713
-1.50638
0.734015
0.799415
0.526904
0.708901
-1.04655
-0.808327
1.84129
1.03826
1.07143
-0.822746
-0.416752
-0.0192226
0.674059
0.159669
0.0691933
-0.362523
0.810196
1.80718
-0.250161
0.115292
-1.17131
-0.74904
0.2621
-1.08251
1.24759
-1.26241
1.19713
1.38923
-0.223461
0.352599
-0.09611
-0.0463774
0.199071
-0.877473
0.349398
1.32545
1.56931
1.33319
-1.36123
0.436765
2.02166
1.09852
-0.605299
0.695784
0.536668
-0.537583
-0.401539
0.554868
1.19589
1.80777
0.151498
1.39139
0.708879
0.138463
-0.997277
1.56493
-1.86135
0.0923826
2.68366
0.157035
-0.967726
1.11411
0.344905
-0.596998
0.0671837
0.621791
1.63542
-0.0849547
-0.24207
-0.549255
0.453164
0.937178
0.139405
-1.63775
-0.422405
0.827512
0.939846
1.84315
-0.54491
2.25493
1.70086
-0.0661616
-0.601695
-0.938831
-0.755268
0.47427
0.846388
-1.05696
0.899801
0.228266
-0.440066
0.235677
1.13203
0.544684
-0.271916
-2.53067
2.14337
-0.439111
0.0131456
-0.291194
1.20626
-0.355277
-1.53248
0.602528
-0.409027
-0.579227
0.465575
0.597128
-0.957615
1.22763
0.908906
0.0190689
-1.26255
0.620974
0.0378242
-0.715493
0.226258
0.312313
0.764726
2.30136
-0.155067
0.0273476
-0.272468
0.0933028
-0.682384
0.122029
-0.214804
0.234795
-1.19793
-0.301822
-0.502143
0.362467
-1.78425
0.00931491
-0.93265
0.00208137
-0.0588415
-0.373851
0.168232
1.07767
-2.68453
1.34908
1.5672
2.16473
-1.55223
0.0522563
-0.808795
0.168222
-0.459156
-1.76941
0.688121
-1.41746
1.91159
-0.601164
-0.645085
0.63894
-0.617197
0.890053
1.2173
-0.0517855
0.246725
-0.038965
-0.0812571
0.673956
-0.497191
-0.0958471
-2.17965
0.47997
-0.0758211
-0.351329
0.100231
0.830546
-0.0518999
1.18644
-0.267055
-0.765705
1.0013
1.14131
0.399241
-0.716287
1.21222
1.8966
-1.35582
-1.70554
-0.596467
0.546501
-1.09783
0.92764
1.89344
0.696808
0.677023
-0.0133046
-1.74377
1.00243
1.78584
-0.653841
-0.767416
0.433936
-1.0277
-0.366066
0.020298
-1.16013
0.416735
0.566933
-0.117094
-0.185705
0.111571
-0.100799
1.08638
-0.231357
-0.141093
-1.12908
-0.0710117
0.335354
1.26416
-2.39326
-0.0984833
-0.741264
-0.779511
0.253616
-1.05488
-0.0472114
-1.82729
-2.52653
-0.632727
0.50126
-1.00271
0.321954
1.10339
-0.779365
-1.05727
0.470569
1.76271
0.158402
1.68781
-0.814485
1.16162
0.336456
1.67193
0.326514
0.185838
-1.8394
0.419774
-0.700611
0.488099
-0.874799
1.00363
-1.37208
-0.530907
1.08734
-0.986673
0.955761
-0.0785254
1.32134
-1.96429
-1.80598
1.35503
0.625461
-0.63051
-0.815581
0.158046
0.315344
1.58197
-1.68875
-0.410688
-1.99956
-2.44422
-1.90272
0.129427
-1.33224
-1.19141
1.28518
1.18089
-1.03689
-0.811017
-0.437661
0.574047
-0.724133
1.3147
0.355483
1.52631
0.0604306
-0.0960218
-0.743472
-0.729056
-0.00670683
0.196343
0.140943
0.299075
0.0979874
-1.81746
-0.739423
2.09967
-1.08353
-0.20699
-0.901353
-1.09623
1.80125
1.27887
0.212292
-0.154371
-0.141867
1.4775
1.06885
0.250821
0.528694
-0.229054
-0.97222
0.310905
0.19729
-0.79673
-1.68932
-1.55054
-0.852228
1.27177
-0.0570466
-0.261018
0.664468
-0.455026
-0.0844526
0.0949847
1.42355
-1.95351
-1.84844
-0.469066
-0.276058
0.886288
0.19834
-2.07325
-0.563256
0.60019
0.679256
0.771551
1.1291
-0.0628747
0.359201
0.0898625
0.0536672
-0.697169
0.522915
0.0560336
0.538929
-0.827283
1.66129
-1.48259
-0.58082
0.287322
1.75644
-0.000747808
-1.17104
1.57146
0.568005
-0.499316
-0.112828
0.412143
0.378715
0.349595
0.541682
0.33691
0.195012
-0.0255114
0.950483
1.65427
-0.9866
-0.629385
-0.36842
-0.354507
-1.36908
1.25148
0.524655
-0.500394
0.642559
0.631789
-1.20025
-0.666261
-0.167925
0.0683774
0.593059
0.71616
-0.0505766
0.229225
-1.31673
-0.612232
0.659545
-0.492416
-0.192965
0.833882
-0.919164
0.195672
1.71549
-0.0383946
0.636353
-0.525101
0.313009
2.804
-0.350736
1.31368
-0.937367
-0.352561
-1.41252
0.416085
1.22497
1.5891
-0.0127988
0.133841
-1.21644
2.203
-0.667181
2.1763
-0.356105
-0.577568
-0.817276
0.0359571
1.10341
-0.79744
-0.330083
-0.149305
-0.0915672
-0.715627
0.251154
0.0548698
-0.27983
1.56541
0.398178
-0.278005
0.1271
-0.342931
-0.137843
0.198646
1.55644
2.61126
-0.644133
-1.30635
-1.00038
1.39321
0.0718707
-0.963375
-0.114758
-0.888536
-1.16011
1.42847
1.57473
1.10357
-0.189204
-0.543865
0.241201
0.0752232
0.165916
0.182725
2.03198
-2.19844
-0.778583
1.44706
0.374072
-1.8823
-0.813697
0.575164
-0.264272
-0.0952884
0.818072
-0.318254
0.526442
-0.563564
1.48116
0.210531
-0.515569
0.585296
-2.4214
0.655469
1.12754
-0.311174
1.10237
-0.941268
-0.994299
-1.22925
-0.57371
-0.320331
0.114146
-0.590222
0.357133
-1.71527
-0.678488
-1.18604
0.57326
0.350069
1.53076
1.25012
1.30798
-0.338791
1.20776
-0.0915835
-0.837588
1.05047
-0.225417
-0.350437
-0.575961
-0.695096
-1.48305
1.46011
2.50351
0.639637
-0.229096
-0.0305877
0.557297
-0.309777
-0.973982
-0.459317
-1.46525
1.12088
0.560011
1.10233
-1.02197
-0.858453
1.5577
-0.871602
-0.970414
0.535873
-2.36574
0.433068
0.170066
0.321598
0.384869
-0.782224
-0.529675
-0.269615
-1.37139
-2.51075
-1.25048
-1.79213
-2.01489
-0.653955
-0.262887
0.727047
-1.28908
-0.168488
-0.346881
-0.280709
-1.58923
0.981598
-0.276318
-0.44312
-0.728651
-0.247851
1.76284
-0.560079
0.466353
-0.685416
-0.500205
0.196507
-0.264598
-0.172272
-0.298409
0.816345
0.270344
-0.414363
0.284426
-0.487929
-1.71062
-0.239965
-0.706036
-1.35156
-0.57603
-1.25015
1.56376
-1.90134
1.07141
-0.393032
0.957635
1.55868
0.18076
1.48447
-0.155197
-0.202203
-0.142476
0.354936
0.51413
-1.0959
-0.332074
-0.0757745
-1.40425
2.63773
0.494316
-0.782382
0.493671
1.32469
0.108202
-0.506083
0.165544
-0.945741
0.21816
0.0710746
1.2267
1.29378
-1.13262
-2.00437
0.865359
1.52119
0.1713
2.12486
-0.636855
-0.861476
2.13204
-0.00618059
0.820656
-0.645635
-1.03707
-1.08496
1.70406
-0.485627
0.440191
0.0123912
0.352534
0.342675
-0.132326
0.392988
0.342792
-0.269477
1.51977
-0.246089
0.720498
1.56161
0.415324
-1.71143
-1.96965
0.707911
-0.878347
1.11891
0.336322
0.101828
-1.31981
-1.10182
-1.57377
0.590145
1.18153
0.448978
-0.563637
-0.0647982
-1.2452
-0.0514115
-2.10159
-1.50688
-0.46791
-0.168407
0.909508
-0.390716
-0.379915
-1.50319
-1.56412
2.7106
0.611759
-2.12937
-0.606719
-1.58183
0.378262
0.634112
-0.772427
0.100201
-1.10177
0.328787
-1.57163
-0.264711
0.183029
1.52692
0.230248
-0.224674
1.21633
1.45723
1.7479
0.017857
-2.57694
1.85825
1.05819
-0.86588
0.159022
1.5321
-0.263562
-0.35184
-1.77228
-1.93694
-0.141114
1.50803
0.993364
-0.706035
-0.975694
1.07399
-0.321474
-0.744387
0.7397
0.416457
-0.272811
2.01973
0.742878
-0.996912
-0.288624
-0.0273855
-1.55986
-0.90438
-0.993012
0.40839
-0.589518
1.45544
0.510564
1.95712
-0.879835
2.15931
0.215988
-1.33902
1.20925
-0.847185
1.7571
0.520706
0.0746816
1.20384
-0.457687
-1.61649
-0.282113
0.112205
-0.19931
-0.700133
-0.980678
-0.748656
-0.700598
0.00157385
0.408794
-1.03802
0.0131704
-0.395513
-0.242669
0.364807
0.736745
-0.648374
1.46698
1.28182
-1.13048
1.54385
-1.773
0.382981
0.470427
1.53947
-0.802937
0.73075
0.472926
-1.20808
0.331731
-0.688809
-0.171262
0.692502
-0.29788
0.337295
-1.29253
0.917505
-0.90492
2.29129
-0.789775
1.73874
-0.812799
-1.36545
1.96611
-0.0401135
-0.262625
-0.432007
1.33228
0.0490147
-1.1166
-0.370296
-0.224205
0.867436
-0.479468
-0.630149
-1.52593
1.20179
1.27122
0.118263
-0.00578858
1.92865
0.677588
1.44301
2.13894
0.698
0.472529
-0.90028
-0.630322
1.82755
-0.399132
-0.151629
-1.09748
-0.232774
0.0263715
1.14976
-0.506314
0.30042
-0.68364
-1.26013
1.43887
-0.231476
-0.541461
0.0512642
-0.447678
0.812738
-1.72262
0.285975
-0.20224
-0.475028
1.57941
-0.374331
-0.431635
-0.847795
-0.901002
-1.94167
-0.212793
-1.81091
-1.04213
0.345817
-2.24821
-0.180869
1.50169
-0.304339
-1.33972
-0.518789
0.76818
0.585843
0.405583
-0.612981
-0.0702635
0.0885273
0.47051
-0.38665
-0.355165
1.7489
-0.949276
1.28411
-0.137923
0.036107
-0.143336
-0.48608
1.23578
0.242218
-1.08838
-0.432329
0.930884
1.38014
0.594013
-2.20218
1.66611
1.45872
-0.0542659
-0.262814
2.68772
2.57968
-0.00325149
-1.11477
1.71731
0.726203
0.525539
-1.15725
0.201798
-0.45858
-0.00518739
0.0107606
0.414739
1.20303
0.636181
0.173051
0.235958
1.30783
-0.764933
-0.323734
-0.91541
1.5855
-0.489677
0.0762481
0.208215
0.282318
1.61224
-0.496525
-0.67666
0.292595
-0.341929
0.824857
0.340927
-1.21507
0.603399
0.796996
0.301216
0.214419
1.46123
-0.851767
0.430203
0.880003
-0.615449
1.85181
0.112799
2.08371
0.68977
1.14839
0.916229
1.6728
1.16193
-1.66336
-1.15913
0.255877
-1.33054
-1.62697
0.998005
-1.36638
-0.752688
-1.59406
-0.127367
0.443554
-0.711246
0.762983
-0.66589
-0.383991
0.0920017
-1.23904
-0.989219
0.42171
-1.14683
0.294877
-0.6236
1.16618
-1.36057
0.614858
-0.179304
1.18172
0.684848
0.770592
-0.474343
0.732376
-0.316027
0.546624
-0.887923
-0.35768
-1.05801
0.898077
1.4184
1.02674
0.348483
0.909636
-0.363062
0.296835
0.0919455
-0.253148
-0.144143
-1.70756
1.15177
-0.166042
0.586742
0.0807245
-0.396844
-0.442218
-0.84828
-1.02385
-2.71035
0.509114
-1.25909
-0.472376
-1.09351
-0.807216
1.26774
-2.39573
-0.287675
-0.9592
-1.53925
0.994545
-1.92131
0.568415
-0.051483
0.953895
-0.531775
-1.03505
-1.32995
-1.30565
-2.24306
0.86795
0.395528
-0.991726
-0.0492569
-0.109451
-1.58108
0.284766
-0.479097
1.85401
1.55745
-0.0173243
0.475199
-2.32859
-1.372
-2.08072
-1.07095
-1.3136
1.16866
0.366349
-1.03747
0.727944
-1.81618
-0.166924
-0.0224385
-0.914783
-0.246533
-0.0186017
-2.02436
-1.58134
-0.281572
0.965729
-0.0254008
-0.988307
0.356196
-0.285666
-0.877946
-1.74604
1.92037
0.155324
0.47826
-1.90053
-1.19839
-1.30222
0.923376
0.990931
-0.751592
1.499
-0.959253
0.347581
0.67413
0.602033
-0.794591
-1.56976
0.653109
-0.879223
1.46404
-0.954198
-0.464517
1.14503
0.414906
1.21624
0.723104
2.45903
0.505693
0.599042
-0.127089
-0.758722
-0.917112
0.376716
1.15256
-0.847046
-0.478087
0.92451
-0.117006
-1.16997
-0.230814
0.916707
-0.772148
0.686491
-0.319983
-1.74849
1.26501
0.180037
-1.10287
-1.31118
1.18881
-1.38123
1.02513
-0.00700982
0.892546
-1.96013
0.668638
-0.389594
-1.11934
-0.250988
-0.405936
0.409965
-1.79448
0.466801
-0.730136
-0.623774
1.71751
-0.412646
-0.00839164
-0.557389
-0.241786
-0.910833
-2.25663
-0.446434
0.138951
-0.687517
0.912559
0.855125
-0.323748
-1.66897
-0.385452
0.919601
-2.09409
-0.317163
0.71105
0.897854
-0.489385
-2.33442
-1.09345
0.205719
-0.336636
2.06488
-0.324011
0.220654
0.0790937
1.85261
-0.571664
-0.346459
-0.47683
-0.0153986
0.498854
-0.200931
-0.928117
-0.0910398
1.65332
1.06243
-0.241646
0.774913
-0.883892
1.06265
1.10001
0.382883
-0.465564
-0.962198
-0.137
0.72867
1.01696
-0.102648
1.01971
0.491638
0.208654
-1.0504
0.119249
1.56017
1.04673
1.0536
-1.8025
-0.124766
-1.2143
-0.467858
1.13069
0.0783996
-0.944104
-0.851681
0.832598
-1.00707
-0.573836
-1.36186
-1.31775
1.53802
0.62633
0.110481
1.14909
-0.558839
0.598774
-0.761264
0.352794
0.30973
0.91342
0.266825
-0.566955
-0.418616
0.254475
-0.696128
-3.01676
1.17905
-0.647874
1.1735
1.02536
0.324061
-0.414998
-0.375206
0.400203
-0.351417
1.45509
0.249091
0.526057
1.47077
0.380051
-0.594491
-1.32601
1.29617
-1.25177
-1.51099
-0.164648
0.48583
-1.73964
-0.240676
0.45863
2.12353
-0.239991
0.600914
-0.164243
0.457448
-0.70792
0.820249
0.541817
1.14795
-0.222578
-1.46149
0.731605
-0.088955
-0.387103
0.245471
0.11191
-0.243369
-0.442499
-0.958624
1.16339
1.31278
0.995933
-0.949437
-0.36406
0.633408
-1.19228
-0.750899
0.408316
-0.65122
1.0129
-0.165939
1.55998
-0.975652
1.54064
0.875428
0.983618
-0.292608
1.4891
0.866809
0.385483
-0.793772
1.46408
-0.46408
-1.15232
-0.896862
-2.0747
0.278168
-0.585962
0.0540695
1.07361
-2.20552
-0.711428
-0.511169
0.617963
0.0416766
1.2064
1.39209
1.74918
-0.552822
-1.34535
0.840198
-0.815108
-0.453307
-1.66366
-0.345951
-0.879083
-0.0017136
-1.87325
-0.64832
0.903725
-1.20866
-0.798746
0.395854
0.461498
1.47014
1.08866
-0.0227706
-0.450823
0.493275
-1.12552
-0.135457
-0.681007
-1.08173
-0.960606
0.230706
1.10938
1.77588
-0.136169
0.618799
-1.70838
-1.45676
0.752443
0.730467
-2.33079
0.379085
-0.617197
-2.51388
0.784651
0.720854
2.0392
-0.775369
-0.691001
0.0752006
-0.67622
0.876853
-0.0140323
-0.270986
-0.351411
-0.551572
-1.27897
0.0634359
1.53926
-0.123524
0.52346
-0.629533
1.158
0.19993
-0.397878
0.246111
0.932313
0.0865204
-1.08499
-1.40357
-1.2278
0.0621419
0.275195
-0.510296
0.0628264
-0.0401031
0.0817564
0.689246
-0.481915
-0.276098
-2.0542
-0.312998
-0.221683
1.55513
-0.000660211
-2.65479
0.704687
0.857214
1.67263
0.205175
-1.09875
-0.626386
-0.828342
-0.271591
-0.722188
-0.357454
-1.81126
-1.10446
0.910749
-1.01961
-0.722324
-1.0384
-0.845484
2.92312
0.206596
-0.0298978
-0.0759468
-2.88925
-0.429774
-0.0560874
1.10295
-0.71545
-0.447274
0.222788
-1.13485
1.11955
0.342629
0.475682
0.942312
-0.247345
0.852051
-1.53724
-1.5973
-0.015144
0.689804
-0.484265
0.457863
1.23551
0.477659
-0.160041
-1.95434
0.453147
-0.238306
-2.07732
-0.0874537
0.951156
0.75432
1.12158
-0.0751341
-0.607228
-0.231092
-0.882503
0.556408
0.781893
0.673465
1.10065
-1.37157
0.553695
-0.836612
-0.661763
-0.873189
-0.934486
-0.11479
-0.439233
-0.191989
0.237741
0.796306
-1.32264
0.217725
-0.600613
0.0459348
-1.65838
0.103662
1.01119
-0.52483
1.627
1.13359
1.48885
-0.182983
0.143163
-2.30239
0.159888
0.882628
-1.45985
0.470043
1.16782
0.053946
0.298322
0.574305
1.07298
-0.99178
-0.722934
1.68117
0.345551
0.475489
-0.700753
-0.637547
1.15396
0.308649
-1.31034
0.578072
0.964355
2.65565
-0.572076
1.12795
-2.34815
0.495316
1.81877
1.1932
0.592422
-0.336523
1.19182
0.542065
0.730627
0.541132
0.403812
0.991409
-1.17453
0.114848
-1.24853
-0.66945
-1.48666
0.345266
1.96256
-1.42194
-1.41615
0.894905
-1.271
0.767206
-1.48458
0.0852839
-0.709445
1.06281
-1.78911
0.549933
-0.790699
0.444642
0.0649678
-0.475666
0.705456
0.709919
1.57763
-1.3933
0.74283
-0.146831
0.721125
0.719982
-0.455606
-0.947712
-0.189432
-1.05108
0.804363
0.779296
-0.673058
1.55565
1.2662
0.502663
-1.28163
0.221135
-0.234345
-0.389494
-0.681399
-1.24403
-0.162751
0.0286296
0.71221
2.12741
-0.197686
0.85593
-0.407879
-0.168643
-0.846053
1.13489
0.426318
-0.319038
-0.396911
2.23763
1.51608
-1.22038
-1.68647
-0.419335
0.141902
-1.27926
-0.73656
3.31887
1.53933
0.344305
-0.0927865
0.0910502
-0.236593
-0.96953
-0.428323
0.020596
0.401222
0.370444
0.113656
-0.821242
-0.491294
-0.85183
0.835205
-0.140557
-0.289192
-0.147248
1.58991
-1.1302
-0.561289
0.307991
-0.993027
0.443819
1.13251
-0.433285
0.59025
0.287969
-1.12556
-0.840681
-0.971656
0.481221
-1.26486
-2.04778
0.0695897
-1.15988
0.446446
0.925606
2.02051
0.558146
2.33332
0.142715
0.664961
-1.11682
0.197908
0.572526
-1.37539
0.378647
-0.195835
1.06086
0.0355889
-0.786718
-1.21094
2.17774
-1.28484
-0.95954
1.33773
-1.23742
-0.351052
0.0325782
0.477694
-0.0450973
-1.88026
-0.320121
-1.10568
0.477242
0.288668
1.3057
-0.376645
1.1495
0.23834
1.49117
1.37395
-1.31151
-0.0545954
0.383691
0.251484
-1.21143
0.0241415
1.04341
-0.398705
0.534971
-0.340985
-1.16984
1.3186
-0.972463
-0.248415
1.65176
0.192483
-1.15473
-1.9451
0.246856
0.0634903
-3.14627
0.710172
1.38774
0.18414
-0.642745
-0.440748
0.790896
-0.723976
-0.308027
1.03612
-1.16678
-0.598519
0.781683
1.34167
-0.0204961
-0.407138
0.822186
0.493303
1.30148
0.406949
-0.429201
-0.949933
2.05168
-0.812865
-0.140412
0.490212
0.421952
0.170418
0.502679
-0.438947
-0.69222
-0.369152
1.56227
0.085235
0.577393
-0.458016
1.81966
1.13317
-2.01854
-0.629691
0.52056
0.205065
-1.2683
-0.317745
-0.775038
-0.28789
-0.0806936
0.174879
-0.0145819
1.00385
-0.0760971
-0.157063
-0.760223
1.12498
-0.238609
-1.43429
1.38444
1.56234
0.00595396
-1.31489
0.758386
0.439729
-1.34105
1.35762
-0.102046
1.55194
-1.21024
-0.0852223
-2.29616
-2.66764
1.27646
1.06039
-0.563857
-1.70142
-1.47769
1.16402
0.332014
-0.786052
-0.724337
0.639083
-0.777749
1.25134
-0.248143
-0.0562693
-1.03746
0.0933195
-0.454729
-0.655365
-1.67758
0.75602
-1.20865
-0.141624
0.221799
-1.19197
-2.05049
-0.750684
0.368196
-0.363695
-0.0506411
0.769678
-2.5145
1.16909
1.27163
0.538793
0.358952
1.5028
-0.571298
-0.674454
1.61009
-1.39596
0.795886
0.577892
0.226161
0.570307
0.265893
1.80948
1.41264
-0.0531236
-0.937486
-1.14513
-0.892639
0.170779
0.0195416
-0.206825
0.456122
-0.380287
0.845629
0.109616
-0.592286
-0.200412
-0.627411
0.851718
-0.883459
0.213673
-0.102729
0.888044
0.357876
1.41489
0.239599
0.303544
1.11648
0.539933
0.152306
-0.0408204
-0.779158
-0.0708052
0.305092
0.215758
1.66674
1.54705
-1.0515
-0.49661
0.672589
0.509905
0.676822
0.163121
0.947172
-0.981786
0.701191
-0.20249
0.581958
-0.0431297
-0.864985
0.620266
-0.444585
0.21756
0.0150519
0.730319
-0.204943
-1.13146
0.669917
0.494877
-0.954627
-1.16744
0.232827
-0.000613194
0.543431
0.407
-0.87808
-0.351062
0.177145
-1.22143
0.180363
0.743435
1.41282
0.165755
0.651856
-0.655673
0.549754
-1.86839
-0.363827
0.333528
-0.315872
0.546511
-0.453515
-0.165318
-0.630961
-1.30906
0.0464315
0.630707
-0.163262
-1.54224
-0.256899
-0.482086
0.449923
0.901273
-0.55019
0.84216
-0.0486409
-1.11398
-0.786407
0.167603
-0.239992
-1.72019
0.340458
1.32815
0.627919
0.335554
-0.686596
0.361961
-1.0283
0.112494
1.11047
-0.541008
0.0689212
2.19154
-0.104633
-0.148914
-0.179514
0.0634488
1.40791
-0.66641
0.372859
0.716542
0.594661
-0.289048
0.588672
0.0557316
-0.84165
-0.665976
-0.660924
-0.669457
1.36329
-0.336576
-0.499838
-0.986833
-1.13476
-1.01772
-0.251735
-0.228702
0.308156
1.14797
1.69768
-1.00358
-1.68371
-1.44897
-0.51133
-0.0909391
1.88964
0.748816
0.7394
0.00137212
0.349548
0.0956755
-0.17538
-0.171528
0.20699
-1.31165
-0.0520047
0.568332
0.651173
0.911846
-0.02506
0.328814
-0.703346
-0.733352
-2.01789
0.149759
-0.240122
1.03614
0.664038
-0.314285
-1.6098
0.722796
0.0966487
1.50019
-2.27541
0.0110029
-2.86535
-0.959124
-1.13357
-1.11462
0.875733
-0.58319
-0.504382
-0.462268
-0.06171
0.710723
0.109548
0.629977
0.234653
1.41239
-0.70438
-0.461168
0.18856
0.785077
0.0520167
-0.86834
0.0338779
-1.44244
0.91911
0.872401
-0.103984
-1.0089
0.30937
0.381221
-0.380643
0.915685
-1.58099
-0.422404
0.630429
1.42743
0.168477
-0.202859
-0.61427
0.647264
1.25446
-0.611164
-1.70677
1.90368
0.634986
-0.496622
-0.627622
0.881022
1.08108
-0.502009
-0.689018
-0.407248
-1.33107
1.13742
-1.29707
0.469988
-0.196516
-0.0459499
1.45235
-0.399712
0.265823
0.24418
-0.807873
1.3938
-1.38975
-1.50199
-2.01451
-0.211355
-0.417542
1.5659
1.30848
0.391344
0.734003
-0.524917
-0.0300157
-1.12277
1.53015
0.917618
-1.57821
-0.791221
-0.0487499
0.567776
1.67756
-0.51735
0.240912
-0.269799
-0.203263
-1.42653
0.0978839
0.788349
-1.6121
0.876185
-0.0275823
-0.30743
-1.53165
-0.648224
0.314142
-0.20819
-0.22091
-1.32063
-0.354263
-0.30913
-0.181786
-0.71732
0.128458
0.433323
1.96018
-0.101363
0.444511
0.318215
-0.783412
-1.99746
-0.259434
-0.763396
0.0371092
1.96392
-0.517966
0.151865
0.665827
-1.06859
0.857424
0.936791
-0.43499
-0.0551386
-0.277258
0.891413
1.06771
0.135317
0.301126
0.926149
-1.93125
-0.928046
-0.306314
0.916502
0.151804
-0.449779
-0.405601
0.0756701
0.187781
-0.0454867
0.0861085
-1.52908
0.729297
0.281382
-0.872752
0.85349
0.447883
1.05954
-1.47434
-2.19109
1.28335
0.609799
0.276114
0.0520264
-0.501192
0.72312
0.416466
1.62091
-0.78567
-0.729866
-0.808
-1.15556
0.452293
0.169368
0.610656
-0.143516
0.975841
-0.328249
1.04632
-2.40417
-0.77825
-0.431344
0.377001
1.02505
-0.678664
-0.627166
-1.14988
-0.992342
-0.502678
-0.55713
0.0877413
-0.864859
0.881489
-0.611735
-1.26886
-1.21102
-0.200365
-0.847607
0.624953
0.25705
0.333222
0.0194369
-1.34217
-0.674338
1.98494
0.468875
0.340638
-0.219668
0.161291
-0.128978
-0.426626
0.747651
-0.310406
0.769826
-1.92944
0.826924
-0.694301
-0.936524
0.835842
0.273751
-0.350526
0.874241
0.77321
1.09146
-0.00485421
-0.648117
0.472957
0.230414
-1.98845
-0.652605
0.191693
1.5358
-0.166066
0.368252
-0.414225
-0.050044
2.10066
0.654753
-0.199031
-0.510469
-0.27469
-0.480992
-1.04683
-0.4344
0.773529
0.289624
-0.327105
1.075
-0.930035
-1.95596
-0.0549746
-0.20163
0.324434
-1.53203
-0.200724
-0.0456153
1.58453
-1.05649
-1.6155
1.3417
0.285376
0.519586
-0.792815
1.12827
0.385022
-0.0181145
1.63034
0.210045
1.6266
0.490551
1.70587
-1.40829
0.348298
-0.0575566
1.08868
-2.01568
-0.504735
-0.975301
0.736793
-1.44318
1.57865
0.414338
0.508749
-0.0984918
-0.989536
-1.55905
1.0349
-2.07984
-0.894186
0.0980181
1.31155
1.06077
-1.21888
1.98197
-2.27515
-1.13067
0.638659
-0.173432
-0.626205
0.614988
1.24156
1.73501
1.08998
0.841526
-0.602878
0.655094
-0.899837
-1.17476
1.13181
-0.555971
-0.869373
1.29889
1.49947
-0.430567
2.03384
0.297628
-1.00513
1.44298
0.0165057
0.273189
1.26119
0.368497
-1.19595
0.646285
-0.700757
-0.796369
-1.14708
-0.537381
0.643531
0.875006
1.18643
0.852125
0.125258
2.21171
0.558637
1.23901
1.14698
1.27114
0.427522
-0.581756
-0.312623
-0.903062
0.230063
1.10126
0.696948
0.650435
0.356815
0.577056
0.0585602
-0.544914
-1.21317
-0.512803
-1.11667
-1.55226
-0.187078
-0.679442
-2.21264
-0.98352
-0.06
0.313006
-1.55267
0.457198
0.261899
-0.718852
-1.15435
0.184106
1.86364
-1.80949
-0.573896
-0.854688
0.28854
-0.239897
-0.625874
-0.947369
-0.644989
-0.00387584
0.13636
-1.43055
2.42542
0.311759
0.155446
-0.118464
-1.23051
0.862144
0.252316
1.02863
-0.378727
1.44864
-1.1643
-0.173139
1.51486
1.16042
-0.685861
0.257913
-0.764402
0.0965833
-1.04372
1.20711
0.21371
-1.32119
-3.00604
0.0124888
-0.502093
-1.6591
0.323816
1.70775
0.60723
-0.82416
0.600743
-0.848739
0.210519
-0.361344
-1.20912
2.82242
-0.464677
-1.52462
-0.640361
-0.0766165
-0.0195486
-0.00959921
-1.54299
1.45842
0.263218
-0.798319
-1.37852
1.33367
0.134664
-0.8261
0.265929
-2.17542
0.367702
-0.688908
-0.377167
-1.96897
-0.543059
0.144194
0.492922
-0.431532
1.64884
-0.350348
-0.293548
-0.984079
0.743531
0.353527
0.540309
-1.29597
-0.753598
0.455006
1.47731
-0.81268
1.10171
-0.71949
-0.235674
1.16886
-1.42455
1.09256
-0.132858
-0.828279
-0.0928813
-1.644
-0.448475
-0.571169
0.123111
-2.05848
0.254168
1.82853
-0.0848471
-1.3944
-0.151524
-0.165008
0.468856
-0.140009
0.310053
1.60321
0.760262
-0.327989
0.829739
-1.97135
-0.844694
-0.670597
-1.134
-0.801911
-1.69919
-2.34141
-1.09677
-0.310901
-0.13948
1.31071
-0.138016
0.485458
-0.119671
1.15604
0.124617
-0.0634418
-1.20044
0.650803
0.619344
0.58789
1.08497
0.285353
-0.315942
0.169125
0.833198
0.491926
-0.549961
-2.42153
-0.556453
-0.136708
-1.05329
-1.39518
2.0429
-0.217394
0.229169
-0.316003
-0.690613
-0.00410245
0.330877
0.195464
-1.77445
-0.896901
-1.88816
0.0171195
-0.179773
1.47661
0.117053
-1.29431
-1.1495
-0.694061
-2.94684
-0.377915
-0.960737
-0.208745
-0.492357
0.15934
-1.17165
-0.999937
0.959181
0.710212
0.422944
0.906637
-1.91683
-0.0384111
-0.44922
-1.87284
0.356054
1.0698
2.27329
-1.04498
-0.57028
1.44735
-0.30998
0.802959
1.74588
0.421598
-0.598381
-0.29284
0.568282
0.875538
-1.52117
-1.74342
0.604587
-0.223763
0.437337
-0.499866
-0.744955
-0.309608
0.351192
0.912439
0.864897
0.620767
-1.00588
0.233434
0.402587
0.00206012
0.322301
0.788009
-0.512103
1.45262
1.52748
1.56437
-0.778291
0.582731
2.13517
2.16072
-1.98035
0.509372
0.650391
-0.322951
-1.1234
-1.04156
0.694092
0.586999
-2.07625
-0.763328
-0.171905
0.765931
-1.54437
-0.694195
0.610151
1.22303
-0.75529
0.919297
1.47162
-1.70459
0.847707
0.612908
-1.35725
1.48941
-1.35341
0.491735
-0.559222
-0.0921129
0.0116543
1.74196
0.373105
1.68855
-1.48884
-0.309209
0.285328
-1.26454
0.640795
-0.0979134
-0.115846
0.717567
0.561106
-0.570575
1.08552
0.0217491
0.586219
-1.18352
0.973582
1.18027
0.123515
0.344864
1.01831
-0.56614
0.760699
0.571215
-1.31567
-0.454212
-0.145557
1.02847
-0.862407
1.34389
0.0543209
-0.356116
-0.135726
-0.988034
1.67296
0.0749479
-1.18231
-0.696316
0.7811
-1.06171
0.259549
-0.9684
-1.36036
0.220314
-1.04595
-0.432668
-0.140902
-1.04243
1.31802
-0.2591
-1.47305
0.0628201
-0.608243
1.83951
-0.000596797
0.15164
0.457006
-0.221772
0.0544218
-0.645023
-0.622496
0.0479497
-1.24179
-1.75629
0.519216
1.14398
-0.639099
-0.490526
-1.59159
-0.657365
1.21451
0.964171
-0.352138
-1.9151
0.27437
0.21736
-0.361716
-0.561536
0.396634
-1.01963
-0.865453
-0.436011
0.59191
0.113648
-1.46745
-0.178179
-0.940031
-0.935215
0.926254
-0.140794
0.293585
-0.453604
0.0601037
-0.150857
1.34768
0.89181
-1.74837
0.571204
0.914121
-2.00245
-0.676412
0.0108728
-0.142998
0.190126
-0.298526
-1.02867
1.55542
0.0196545
-0.358234
0.687589
0.204469
1.10951
