0	32.9583	35.004	1
1	37.2305	39.3249	1
2	0.0995265	39.8978	1
3	3.83343	36.3822	1
4	4.06538	39.7091	1
5	39.1661	0.421497	1
6	5.09332	39.0931	1
7	12.3847	5.01965	1
8	17.9709	39.9269	1
9	2.15091	2.08965	1
10	18.8012	37.756	1
11	19.165	39.7382	1
12	15.4694	38.2059	1
13	18.5667	35.8708	1
14	13.3254	3.30297	1
15	15.6957	0.176453	1
16	16.1149	39.1049	1
17	21.221	39.8301	1
18	23.1402	35.3867	1
19	25.9678	38.9055	1
20	25.9886	0.040641	1
21	27.0557	0.553505	1
22	29.006	30.7141	1
23	26.182	3.44479	1
24	26.9251	38.2447	1
25	29.0607	33.6244	1
26	27.6083	35.4176	1
27	30.9406	37.681	1
28	29.7493	37.6191	1
29	26.9912	36.3114	1
30	33.5315	38.9358	1
31	29.8826	35.6154	1
32	34.9156	37.2101	1
33	1.00705	39.2291	1
34	38.066	6.65016	1
35	5.10947	1.40631	1
36	1.92861	37.6344	1
37	9.46798	32.1468	1
38	8.32601	6.40477	1
39	4.20015	4.28077	1
40	3.13359	6.16711	1
41	3.1494	2.5772	1
42	16.5726	38.0901	1
43	7.17546	2.42478	1
44	6.3902	5.33088	1
45	17.7043	37.9088	1
46	18.2905	38.7795	1
47	8.13859	1.93805	1
48	17.2106	3.14135	1
49	14.3207	5.03909	1
50	16.1941	1.50763	1
51	24.1754	0.166543	1
52	22.6178	36.3735	1
53	20.9852	37.5869	1
54	26.1596	2.29317	1
55	28.6477	37.4325	1
56	23.0262	38.5313	1
57	23.1704	1.87027	1
58	24.2639	2.32959	1
59	24.2531	3.4947	1
60	25.9505	37.6758	1
61	29.1077	38.4777	1
62	29.0541	1.40281	1
63	38.2194	1.07169	1
64	33.7995	37.0057	1
65	30.585	34.7968	1
66	38.1919	38.7968	1
67	34.2115	38.0521	1
68	39.4796	32.7781	1
69	38.1119	37.7119	1
70	32.4355	38.8378	1
71	38.2362	2.16867	1
72	0.313519	4.3189	1
73	1.93396	36.5032	1
74	2.22387	3.17437	1
75	4.10038	2.05658	1
76	38.3478	4.45672	1
77	6.05041	0.862472	1
78	13.8462	39.3204	1
79	5.19354	3.63328	1
80	11.3845	8.01434	1
81	20.2335	39.3247	1
82	15.1743	1.11288	1
83	14.5842	0.20705	1
84	14.4137	2.77366	1
85	15.3688	3.31503	1
86	16.2861	6.09032	1
87	23.9478	37.8759	1
88	22.2159	1.33717	1
89	22.2596	4.70569	1
90	17.2701	4.25716	1
91	27.1523	2.79756	1
92	29.8565	0.572266	1
93	22.2944	3.5936	1
94	26.1075	1.15737	1
95	30.2552	38.6054	1
96	30.4477	3.98962	1
97	28.39	39.3242	1
98	27.5303	37.3099	1
99	0.0162097	37.4939	1
100	35.2321	38.2902	1
101	28.6806	5.35433	1
102	36.1853	1.10579	1
103	37.7609	36.6621	1
104	37.2738	2.76716	1
105	3.9	37.5387	1
106	30.4174	36.6706	1
107	0.0877294	0.980503	1
108	1.00513	36.9835	1
109	1.17829	2.64338	1
110	0.381363	9.14656	1
111	5.279	4.69167	1
112	2.28486	4.27843	1
113	7.06708	1.30524	1
114	13.3595	5.58353	1
115	14.3161	6.16007	1
116	16.7865	0.097938	1
117	16.2781	2.65556	1
118	17.1882	2.0087	1
119	21.3162	3.07157	1
120	18.1983	2.50024	1
121	21.2929	1.95384	1
122	18.2116	3.68841	1
123	19.2537	1.94896	1
124	15.278	2.11532	1
125	25.1128	0.650091	1
126	20.2607	3.65419	1
127	23.2868	2.97687	1
128	26.5251	4.57282	1
129	30.6357	39.6809	1
130	28.2737	9.5038	1
131	34.4585	3.48205	1
132	30.9721	0.7961	1
133	27.9698	38.3061	1
134	34.4727	36.1678	1
135	36.4354	4.54579	1
136	33.4804	4.10196	1
137	38.2061	39.9264	1
138	37.2383	1.67191	1
139	37.6774	7.68108	1
140	0.154687	2.08572	1
141	39.2008	39.3065	1
142	2.23786	5.44428	1
143	2.03324	38.7438	1
144	0.243764	3.17242	1
145	1.29042	3.72827	1
146	7.31053	5.95405	1
147	12.7583	34.3858	1
148	3.24372	4.87613	1
149	14.9923	39.2198	1
150	6.23059	4.19748	1
151	13.3957	4.42254	1
152	15.2769	5.55741	1
153	16.3266	3.78972	1
154	15.4082	7.81943	1
155	15.3209	4.4102	1
156	24.1305	1.28022	1
157	19.2699	0.852955	1
158	23.1991	0.740788	1
159	28.3419	3.20694	1
160	29.2348	2.50332	1
161	29.5116	39.5252	1
162	28.786	0.349801	1
163	29.5871	12.1673	1
164	31.2995	38.728	1
165	28.8155	6.53049	1
166	28.148	2.13884	1
167	30.5887	5.10984	1
168	30.7823	6.22824	1
169	30.2943	2.9198	1
170	29.8196	6.88335	1
171	33.0978	37.8983	1
172	37.3693	3.92185	1
173	37.1357	38.1945	1
174	39.35	4.91805	1
175	38.8711	10.4574	1
176	39.1896	1.57961	1
177	5.15583	2.53079	1
178	2.10292	0.909532	1
179	3.23857	3.72109	1
180	14.3573	3.87821	1
181	10.4764	8.54266	1
182	8.48499	8.64841	1
183	38.2796	3.32288	1
184	5.39222	5.78449	1
185	14.2072	1.71499	1
186	7.28179	4.72078	1
187	12.4407	8.49858	1
188	16.3057	4.97562	1
189	25.6815	12.5393	1
190	13.4073	7.87935	1
191	17.9582	9.09816	1
192	21.3628	6.48591	1
193	17.3532	5.35946	1
194	19.1959	3.02775	1
195	27.7964	6.08509	1
196	27.4122	3.86067	1
197	28.4922	4.29823	1
198	30.3748	10.366	1
199	31.4872	10.8415	1
200	29.3678	3.54884	1
201	28.4147	10.646	1
202	36.2399	38.8362	1
203	35.5026	5.1624	1
204	34.483	4.55115	1
205	30.8738	7.3964	1
206	31.7457	6.65934	1
207	36.2974	2.26267	1
208	38.5255	8.53617	1
209	37.2452	0.572118	1
210	33.7803	7.43051	1
211	37.4413	8.72044	1
212	39.1755	6.45281	1
213	39.9751	10.2408	1
214	1.30867	4.77897	1
215	2.11194	6.63598	1
216	11.3407	5.76619	1
217	9.52667	10.3192	1
218	6.33945	6.44433	1
219	7.19808	3.62301	1
220	7.56092	9.27112	1
221	4.18325	3.19793	1
222	10.4033	7.4202	1
223	9.43989	9.18937	1
224	15.3187	6.70136	1
225	20.4049	13.6987	1
226	19.2544	4.15218	1
227	18.37	5.9344	1
228	21.1572	14.6066	1
229	18.3045	4.7831	1
230	27.8819	7.22326	1
231	22.2201	5.81705	1
232	30.1479	1.7267	1
233	29.3615	9.89715	1
234	28.1119	8.29705	1
235	30.6575	13.7893	1
236	31.6302	5.46626	1
237	31.2556	8.5871	1
238	28.9615	7.65717	1
239	29.2102	8.79462	1
240	33.5168	5.2162	1
241	35.4616	4.00163	1
242	32.5991	5.9511	1
243	36.3534	3.4043	1
244	38.4457	5.61941	1
245	39.2593	3.86374	1
246	39.2435	9.38397	1
247	39.1642	2.71523	1
248	7.49026	8.15809	1
249	1.86439	7.80815	1
250	9.39507	6.8947	1
251	8.42532	7.55833	1
252	8.62966	13.2252	1
253	5.58675	9.41001	1
254	13.3358	6.72979	1
255	9.44508	8.01336	1
256	12.3478	7.40563	1
257	16.4358	8.27377	1
258	12.357	6.2061	1
259	17.0952	11.2369	1
260	27.0723	7.95185	1
261	24.9004	14.3496	1
262	17.3594	7.64319	1
263	20.2949	4.78232	1
264	23.223	5.19397	1
265	20.2579	2.57529	1
266	24.2454	4.67218	1
267	23.2621	6.29474	1
268	26.7521	13.0415	1
269	30.2188	9.23601	1
270	30.8111	14.915	1
271	28.6715	12.9291	1
272	36.3011	39.9647	1
273	35.3761	11.8106	1
274	29.558	4.70991	1
275	31.8864	7.71017	1
276	36.4235	12.2641	1
277	35.5079	13.9681	1
278	37.8233	10.6445	1
279	31.4756	4.33233	1
280	0.795314	14.0791	1
281	1.23394	5.99816	1
282	0.272276	6.38912	1
283	38.8362	7.47407	1
284	2.60634	11.7154	1
285	6.50632	8.80219	1
286	0.752415	8.09569	1
287	11.5281	11.3542	1
288	10.3615	6.38491	1
289	7.6291	10.4135	1
290	7.63817	11.5164	1
291	4.32439	9.22036	1
292	17.3574	6.46617	1
293	12.5049	10.7229	1
294	19.7925	9.87958	1
295	18.642	10.01	1
296	20.6265	15.6185	1
297	19.02	11.8948	1
298	19.3484	5.38832	1
299	22.2431	2.47481	1
300	21.3273	4.21383	1
301	21.286	5.30912	1
302	23.2675	4.09506	1
303	27.5046	11.325	1
304	30.0449	8.09103	1
305	32.4781	11.3959	1
306	30.5398	12.6937	1
307	31.6554	14.2355	1
308	37.0368	9.87367	1
309	36.5619	14.5124	1
310	34.4923	5.63046	1
311	32.5416	4.72733	1
312	39.6419	11.2785	1
313	36.3471	9.06346	1
314	36.5865	7.9781	1
315	1.82939	13.7781	1
316	38.5435	11.558	1
317	6.42526	7.70027	1
318	1.09695	9.9718	1
319	0.359715	5.35051	1
320	2.19902	9.79697	1
321	1.12093	0.38623	1
322	10.5572	11.9792	1
323	11.5576	13.6408	1
324	14.3354	7.26853	1
325	12.5373	15.3944	1
326	8.58035	9.86294	1
327	12.5376	9.61074	1
328	17.9212	12.0583	1
329	18.2562	7.04623	1
330	17.5064	10.1844	1
331	27.84	14.6141	1
332	23.9802	15.0256	1
333	19.0957	8.98688	1
334	19.3007	6.47401	1
335	27.2665	9.08357	1
336	20.314	5.93737	1
337	27.6123	4.97318	1
338	29.6456	13.3502	1
339	29.6802	5.8148	1
340	32.4874	12.5284	1
341	33.0126	18.1428	1
342	31.5468	13.1176	1
343	37.4641	11.6572	1
344	33.4285	11.9351	1
345	34.4719	12.4675	1
346	2.62911	14.551	1
347	33.3849	10.7897	1
348	3.3331	12.4845	1
349	39.9328	7.38222	1
350	34.6484	6.81926	1
351	0.760062	10.9937	1
352	39.5787	8.37729	1
353	3.62029	8.41286	1
354	1.10445	7.05336	1
355	1.45453	8.93834	1
356	4.73242	11.1639	1
357	4.0348	10.3519	1
358	8.5988	10.9687	1
359	9.58583	11.4321	1
360	8.86879	16.6713	1
361	10.4559	9.667	1
362	11.4639	9.10876	1
363	16.5324	18.1767	1
364	16.3342	7.16905	1
365	18.4264	8.09654	1
366	26.9438	15.2774	1
367	20.3129	7.01108	1
368	25.8871	14.8231	1
369	25.1767	2.90281	1
370	26.6174	11.9212	1
371	28.5432	11.7616	1
372	26.2295	8.64178	1
373	27.7259	13.5519	1
374	31.2439	9.69268	1
375	28.7232	14.0373	1
376	29.4705	11.0477	1
377	30.9094	16.0936	1
378	31.5106	12.049	1
379	34.581	14.5964	1
380	34.3107	11.3021	1
381	33.5485	13.0389	1
382	3.68718	11.4244	1
383	35.4958	12.9127	1
384	38.6747	15.3305	1
385	35.6693	15.0608	1
386	0.401912	12.0701	1
387	2.93476	10.6092	1
388	5.47846	8.34894	1
389	6.65751	10.9577	1
390	1.87515	16.7826	1
391	7.38767	7.00935	1
392	12.4769	11.8799	1
393	6.60567	9.9055	1
394	8.59636	12.1207	1
395	9.57584	12.6276	1
396	16.8969	9.3038	1
397	12.4762	13.0631	1
398	11.345	6.87608	1
399	16.4326	10.2718	1
400	19.3934	10.919	1
401	25.7713	13.6593	1
402	19.5318	15.7778	1
403	27.3844	10.215	1
404	24.7945	13.2176	1
405	26.3694	9.71309	1
406	26.7542	14.1712	1
407	26.4603	10.8141	1
408	30.0923	17.7813	1
409	28.1766	17.9922	1
410	20.207	11.8046	1
411	30.9784	17.1931	1
412	32.0485	18.7818	1
413	32.7037	14.7771	1
414	33.8364	16.345	1
415	34.5541	13.5226	1
416	33.5807	14.1328	1
417	36.8195	17.7922	1
418	1.48457	11.9259	1
419	32.752	7.04313	1
420	0.818234	17.0688	1
421	38.0907	9.5693	1
422	0.874879	19.9756	1
423	1.05038	12.9527	1
424	2.96723	13.5541	1
425	3.26242	9.528	1
426	4.37957	15.2044	1
427	2.52033	8.7358	1
428	10.5692	13.1075	1
429	3.27061	15.4459	1
430	15.7945	17.2339	1
431	11.5537	14.8093	1
432	16.1367	19.169	1
433	15.8265	9.21637	1
434	17.2779	16.063	1
435	19.9593	14.7674	1
436	18.2449	11.0373	1
437	28.9295	15.1288	1
438	27.0453	16.4209	1
439	18.2151	14.0201	1
440	27.6892	12.4183	1
441	18.3508	15.9458	1
442	26.2527	18.2488	1
443	26.0529	15.9507	1
444	29.9195	15.5711	1
445	28.0207	16.885	1
446	28.2984	19.1492	1
447	33.1098	19.2387	1
448	30.1861	18.911	1
449	29.7888	14.4677	1
450	37.5777	15.0085	1
451	1.85163	10.9002	1
452	2.14411	12.7697	1
453	33.6114	6.3566	1
454	5.25501	15.8908	1
455	2.2426	15.6851	1
456	39.7286	17.2442	1
457	9.8091	18.4131	1
458	6.06044	16.668	1
459	4.46038	12.2131	1
460	11.509	12.4783	1
461	5.71312	11.6119	1
462	9.81425	17.2556	1
463	6.7127	12.0831	1
464	3.72045	14.3424	1
465	10.8238	16.7102	1
466	18.8386	14.9318	1
467	11.5377	10.1739	1
468	4.07129	13.2994	1
469	12.6127	16.5279	1
470	19.2819	13.8658	1
471	25.0033	15.5491	1
472	17.5789	13.0933	1
473	21.8392	15.5115	1
474	22.4275	16.3967	1
475	27.9483	15.7457	1
476	29.9755	16.6831	1
477	21.1882	19.4355	1
478	27.1032	17.5509	1
479	28.9587	16.2329	1
480	31.974	17.6419	1
481	32.5707	13.6133	1
482	31.9157	16.5239	1
483	29.0666	17.3224	1
484	36.7081	15.6272	1
485	33.7516	15.264	1
486	34.7832	15.707	1
487	36.5136	13.3668	1
488	37.0797	20.0689	1
489	0.363113	15.0809	1
490	5.62398	10.4796	1
491	7.91084	17.0788	1
492	3.87855	17.3329	1
493	7.60993	19.3269	1
494	9.87591	16.1664	1
495	2.69359	17.5761	1
496	9.6879	14.8948	1
497	10.5227	10.8394	1
498	9.57901	13.7677	1
499	16.92	17.1603	1
500	6.86116	17.4806	1
501	18.3473	18.867	1
502	11.4335	20.0922	1
503	16.9339	14.0126	1
504	20.9355	17.5432	1
505	13.3834	12.4127	1
506	22.3813	14.4207	1
507	22.9398	15.3791	1
508	21.6126	18.4177	1
509	25.0937	16.6136	1
510	23.9125	16.1824	1
511	22.0109	17.3934	1
512	27.3238	18.7034	1
513	21.3287	16.5229	1
514	27.3972	21.9444	1
515	31.795	15.3481	1
516	35.7564	16.2381	1
517	32.243	19.907	1
518	33.9758	17.4717	1
519	34.1661	20.7999	1
520	37.5083	13.9085	1
521	38.872	16.396	1
522	32.9621	17.0313	1
523	1.54916	14.8784	1
524	37.7806	16.0762	1
525	4.12236	16.2668	1
526	1.27174	18.899	1
527	3.85746	26.1653	1
528	4.68275	18.0525	1
529	3.0326	16.5681	1
530	10.6661	19.114	1
531	8.63447	18.9139	1
532	10.6538	14.2504	1
533	11.6446	15.9817	1
534	9.26911	22.208	1
535	11.8204	17.3254	1
536	13.7622	20.0959	1
537	16.2145	16.213	1
538	17.2754	19.0526	1
539	17.6266	15.0066	1
540	19.8608	17.7056	1
541	18.6563	12.9495	1
542	19.7643	12.8118	1
543	22.3264	19.3094	1
544	26.1176	17.0725	1
545	22.7323	18.269	1
546	29.1996	18.4214	1
547	25.239	17.7191	1
548	25.4998	20.7418	1
549	32.7962	25.1932	1
550	33.6094	29.3194	1
551	28.4213	21.4224	1
552	33.2872	26.3141	1
553	32.2686	21.0286	1
554	31.0652	18.2731	1
555	37.4408	12.7814	1
556	39.3465	12.4314	1
557	35.9129	18.482	1
558	1.13602	15.9723	1
559	35.8271	17.3382	1
560	36.8958	18.9385	1
561	39.9987	16.1779	1
562	1.98066	19.7799	1
563	5.48823	18.8353	1
564	7.65917	12.6935	1
565	5.82704	17.7913	1
566	10.731	17.815	1
567	7.75293	18.2351	1
568	12.7	22.0666	1
569	9.81581	21.2189	1
570	13.1637	21.068	1
571	12.2156	23.0959	1
572	9.60243	19.4705	1
573	20.0938	19.5672	1
574	17.9387	19.9057	1
575	8.82845	17.7719	1
576	12.49	14.1958	1
577	18.7173	17.8237	1
578	24.5208	21.2623	1
579	20.2499	16.6507	1
580	22.6083	21.386	1
581	28.4241	22.5845	1
582	27.4784	20.8517	1
583	26.4788	20.2582	1
584	26.4718	22.5549	1
585	29.45	21.9494	1
586	34.725	29.3722	1
587	35.0665	25.572	1
588	35.0883	20.2133	1
589	34.8424	16.87	1
590	34.8991	27.5054	1
591	32.849	15.9666	1
592	33.9916	18.5909	1
593	38.7356	17.5252	1
594	38.9953	19.3617	1
595	39.4262	18.3298	1
596	38.619	20.4068	1
597	2.41154	18.6533	1
598	6.09516	24.2943	1
599	5.49222	23.3201	1
600	0.518796	18.12	1
601	2.21996	27.1193	1
602	6.62149	23.3222	1
603	10.3317	20.2579	1
604	12.864	24.0252	1
605	11.5694	22.1302	1
606	17.2783	31.1122	1
607	8.88528	23.247	1
608	17.639	18.0171	1
609	20.2017	31.8149	1
610	19.1064	16.8495	1
611	19.4206	18.6951	1
612	22.0086	27.6351	1
613	19.7799	20.6342	1
614	21.921	20.3716	1
615	25.5211	19.5114	1
616	27.4895	23.1267	1
617	29.3384	19.5546	1
618	29.421	20.7492	1
619	33.1974	20.3853	1
620	29.7346	26.053	1
621	29.0678	28.8192	1
622	33.935	25.4439	1
623	37.1332	27.6747	1
624	33.749	27.3186	1
625	37.7341	17.1412	1
626	36.7349	16.715	1
627	36.6429	26.6779	1
628	39.7724	20.1489	1
629	39.4042	21.1966	1
630	4.97467	17.0097	1
631	38.9212	26.9151	1
632	0.517409	27.9595	1
633	3.19674	29.1423	1
634	1.16991	21.9923	1
635	6.67504	18.5935	1
636	6.67019	25.291	1
637	10.6591	15.4415	1
638	7.78462	25.23	1
639	9.96692	23.2483	1
640	11.2182	29.3606	1
641	12.5496	20.1451	1
642	19.4161	28.9446	1
643	12.027	21.1377	1
644	18.0067	16.9626	1
645	10.9207	21.1842	1
646	21.237	26.7809	1
647	23.6396	21.868	1
648	20.8038	20.4313	1
649	28.4017	24.868	1
650	25.4871	24.205	1
651	26.4757	21.3566	1
652	29.4838	24.9465	1
653	28.4427	20.2712	1
654	30.8798	27.9866	1
655	32.2264	26.2364	1
656	32.4366	29.1084	1
657	28.4726	29.7708	1
658	37.9309	19.3468	1
659	0.811814	30.8798	1
660	34.9456	17.9478	1
661	34.2618	28.3431	1
662	35.5474	26.5999	1
663	37.7763	18.2734	1
664	34.9521	19.0939	1
665	35.1835	21.3243	1
666	0.490044	21.0766	1
667	5.50427	27.1771	1
668	1.56873	20.9259	1
669	7.22617	24.3027	1
670	7.11442	16.3146	1
671	4.38955	25.226	1
672	10.4521	22.2323	1
673	10.5771	24.1269	1
674	8.92551	25.2566	1
675	21.0511	22.3818	1
676	20.1378	26.8506	1
677	10.0301	25.1784	1
678	20.3895	21.5274	1
679	18.6145	20.8296	1
680	20.4947	28.886	1
681	23.5089	20.7294	1
682	25.5751	21.874	1
683	24.1868	17.2695	1
684	27.425	24.2405	1
685	24.9263	28.3825	1
686	26.9346	31.1906	1
687	24.4211	24.7024	1
688	27.4226	19.7598	1
689	26.0602	28.0688	1
690	29.6421	27.9237	1
691	30.32	27.0135	1
692	34.4413	26.4949	1
693	32.6184	27.2403	1
694	34.5287	31.3016	1
695	37.8004	26.6917	1
696	32.7338	32.0965	1
697	38.0271	29.7842	1
698	35.9976	19.6058	1
699	36.0585	27.6033	1
700	5.49687	29.111	1
701	38.2702	27.7918	1
702	5.55081	25.2921	1
703	2.7808	26.1424	1
704	3.8329	24.2015	1
705	4.94431	24.269	1
706	11.6954	24.0906	1
707	9.47865	30.3048	1
708	15.2711	30.7128	1
709	18.2338	29.0424	1
710	18.7236	28.073	1
711	17.9777	32.0018	1
712	19.7862	27.8978	1
713	13.3028	23.0102	1
714	20.7871	30.7918	1
715	20.8682	27.7855	1
716	23.5931	22.9221	1
717	20.5174	18.5539	1
718	23.1022	17.1941	1
719	24.5849	22.4008	1
720	24.5143	20.0704	1
721	24.4038	32.3506	1
722	26.4741	24.8418	1
723	27.1932	27.9217	1
724	25.4625	23.0784	1
725	26.472	23.6666	1
726	31.9852	28.0998	1
727	27.8676	26.8919	1
728	31.4982	27.0957	1
729	33.6876	24.3856	1
730	35.6927	31.4137	1
731	39.8884	28.9265	1
732	0.150003	19.1388	1
733	38.7595	28.819	1
734	3.30445	27.1201	1
735	3.79773	30.0625	1
736	1.10562	26.9744	1
737	6.08134	28.157	1
738	2.27404	25.0967	1
739	6.10158	26.2391	1
740	3.33975	25.1868	1
741	11.1113	23.1116	1
742	9.46942	24.2749	1
743	8.39187	26.224	1
744	12.3579	25.0271	1
745	18.9095	29.943	1
746	22.2716	29.6048	1
747	19.4764	33.8774	1
748	18.4012	30.9482	1
749	19.0984	31.8853	1
750	23.4717	24.0487	1
751	26.3964	30.1571	1
752	24.5485	23.556	1
753	25.6879	29.1628	1
754	21.5084	21.3633	1
755	23.7876	28.5594	1
756	25.1952	33.2575	1
757	22.9438	30.5011	1
758	29.0411	26.9804	1
759	26.7767	29.0349	1
760	34.0949	30.2911	1
761	31.1536	30.9383	1
762	30.6526	29.894	1
763	39.2183	29.8298	1
764	35.9277	29.5382	1
765	35.2279	30.4224	1
766	34.1031	19.7206	1
767	33.0822	28.2648	1
768	36.1285	20.7168	1
769	2.73093	28.0929	1
770	6.683	29.1704	1
771	9.02305	29.1552	1
772	3.82408	28.1247	1
773	4.40752	27.1756	1
774	8.3747	28.1919	1
775	1.63345	26.0495	1
776	7.23785	26.2634	1
777	8.29933	24.2792	1
778	7.75069	23.2389	1
779	19.0568	19.7628	1
780	20.0715	29.9126	1
781	19.4078	38.6442	1
782	22.134	32.6197	1
783	19.8163	32.84	1
784	21.1497	29.7462	1
785	22.7146	28.472	1
786	23.3756	29.5304	1
787	21.6005	28.6999	1
788	21.4608	31.7392	1
789	22.8235	33.4651	1
790	21.8569	30.7117	1
791	27.8995	28.8139	1
792	23.2778	32.4777	1
793	23.5496	34.3418	1
794	28.5525	23.6947	1
795	31.7093	30.0718	1
796	26.5662	32.1913	1
797	35.4978	33.3666	1
798	33.3728	31.2296	1
799	33.8952	32.1955	1
800	38.3882	32.7538	1
801	39.4513	27.9251	1
802	1.56634	28.0201	1
803	0.308153	29.9216	1
804	1.97502	30.934	1
805	4.92979	28.1669	1
806	9.62518	28.2342	1
807	1.47714	29.9767	1
808	4.32848	29.108	1
809	1.63659	17.844	1
810	7.24489	28.1929	1
811	4.98591	26.2449	1
812	12.8374	30.4263	1
813	12.9422	28.5891	1
814	11.1079	25.1523	1
815	16.8431	32.1791	1
816	17.4791	35.9687	1
817	17.7193	30.0564	1
818	25.2619	27.2714	1
819	21.2565	34.6235	1
820	27.958	30.8028	1
821	27.4606	25.552	1
822	24.7068	31.2949	1
823	20.9918	32.6853	1
824	20.8508	35.7132	1
825	22.3827	34.4923	1
826	24.8625	37.2863	1
827	25.3652	35.2904	1
828	28.4402	27.8484	1
829	28.5164	32.5658	1
830	29.404	31.6844	1
831	30.4531	31.8089	1
832	36.7913	31.6281	1
833	32.2328	31.0779	1
834	36.3427	30.5568	1
835	36.1034	32.5004	1
836	35.8364	34.3829	1
837	36.5888	28.6343	1
838	38.5606	30.7858	1
839	4.88797	30.078	1
840	39.6686	30.867	1
841	9.0559	27.1841	1
842	7.87467	29.2164	1
843	2.06657	29.0822	1
844	10.6224	30.2661	1
845	12.2692	31.3438	1
846	14.0252	30.5703	1
847	15.6597	35.2419	1
848	11.7367	30.3347	1
849	13.3165	33.3732	1
850	6.63895	27.1938	1
851	13.3647	31.4211	1
852	19.5402	30.8869	1
853	23.6752	31.4534	1
854	22.0852	39.1746	1
855	20.5937	33.6799	1
856	25.2276	30.2867	1
857	22.5529	31.6054	1
858	24.5425	29.3733	1
859	20.1813	34.7482	1
860	27.0741	34.41	1
861	25.8563	31.1357	1
862	30.2157	28.8464	1
863	34.3378	33.2179	1
864	28.5816	25.9804	1
865	29.4864	34.6356	1
866	32.9043	30.1821	1
867	30.05	30.813	1
868	35.0045	32.3069	1
869	35.3478	28.5307	1
870	37.4636	30.7109	1
871	0.997768	28.9602	1
872	7.24354	30.1616	1
873	5.415	31.0404	1
874	7.16355	32.0611	1
875	7.71262	33.1622	1
876	3.63804	32.0599	1
877	1.14912	1.5108	1
878	39.6033	35.9667	1
879	7.75318	31.1276	1
880	11.1774	31.2765	1
881	9.65611	26.1798	1
882	8.86779	31.196	1
883	9.941	33.1287	1
884	16.178	34.2197	1
885	18.3256	33.923	1
886	3.99348	38.622	1
887	14.6499	31.6088	1
888	15.6983	32.2439	1
889	16.6152	33.245	1
890	16.2003	31.3405	1
891	20.3539	36.6632	1
892	21.0958	38.7012	1
893	21.6897	33.6198	1
894	19.912	37.6761	1
895	21.5784	36.6448	1
896	24.9692	38.4144	1
897	29.5625	29.7786	1
898	31.2805	33.8875	1
899	30.846	32.8388	1
900	25.4881	32.2076	1
901	37.7805	33.6917	1
902	33.3311	36.0534	1
903	37.6893	28.6973	1
904	37.921	31.7415	1
905	36.5841	33.522	1
906	31.1152	35.797	1
907	0.194624	31.7933	1
908	6.05836	30.0657	1
909	38.0925	34.7484	1
910	6.57837	31.1349	1
911	9.7321	35.0842	1
912	2.94519	38.1282	1
913	2.52029	31.945	1
914	3.06509	39.2405	1
915	11.6624	32.2895	1
916	7.83573	27.1956	1
917	10.0958	29.3102	1
918	10.558	32.2044	1
919	11.597	34.3378	1
920	13.8928	32.3613	1
921	13.864	34.3861	1
922	14.3964	33.3252	1
923	17.2882	34.0808	1
924	13.5484	29.5566	1
925	16.5498	30.2759	1
926	17.6926	33.037	1
927	21.9401	35.5133	1
928	19.7092	35.7258	1
929	22.0009	38.0172	1
930	24.7745	34.2772	1
931	24.038	38.9694	1
932	24.0987	30.3854	1
933	32.02	33.0064	1
934	31.3231	28.9872	1
935	25.8654	34.2796	1
936	24.2439	35.2682	1
937	36.2664	35.4036	1
938	38.4718	35.8087	1
939	28.1675	36.406	1
940	34.7733	34.2291	1
941	33.6373	34.0897	1
942	35.1839	35.266	1
943	4.26104	31.1058	1
944	8.38552	30.1954	1
945	2.58048	30.0552	1
946	38.8948	33.7902	1
947	8.25644	32.1662	1
948	12.7973	32.3249	1
949	5.00828	0.293572	1
950	10.0612	31.2434	1
951	8.80755	33.1007	1
952	11.102	33.2378	1
953	10.5021	34.1996	1
954	15.4999	33.366	1
955	6.17396	3.09119	1
956	17.9434	34.9704	1
957	12.2054	33.2609	1
958	17.0298	37.0687	1
959	14.369	38.3463	1
960	16.8474	35.0982	1
961	19.2449	36.7358	1
962	22.203	0.252493	1
963	19.0125	34.8531	1
964	23.1241	39.6098	1
965	24.8258	36.2158	1
966	28.001	1.10424	1
967	24.1116	33.3729	1
968	26.4446	35.3998	1
969	27.4112	29.906	1
970	31.5775	31.9764	1
971	28.2688	34.5425	1
972	28.7479	35.5047	1
973	31.6959	39.8068	1
974	32.2037	35.8655	1
975	31.7588	34.8924	1
976	39.0462	31.7535	1
977	37.2713	32.6654	1
978	3.12139	31.0376	1
979	12.345	29.4366	1
980	31.5589	36.7842	1
981	0.996876	38.0998	1
982	39.029	36.909	1
983	2.87699	35.9058	1
984	39.1425	38.1943	1
985	15.9375	37.1776	1
986	6.11874	1.95889	1
987	3.0515	0.349718	1
988	4.08384	0.984045	1
989	14.9842	34.299	1
990	14.82	37.3046	1
991	15.2484	36.2778	1
992	17.221	38.9734	1
993	14.5612	35.2726	1
994	20.2921	1.50946	1
995	25.1837	1.7941	1
996	20.2501	0.418609	1
997	18.0981	36.8762	1
998	27.8681	33.5201	1
999	26.4977	33.3626	1
1000	25.8803	36.4553	1
1001	27.1025	1.68626	1
1002	23.7393	36.3219	1
1003	29.6849	32.7198	1
1004	30.1826	33.7372	1
1005	25.0596	39.497	1
1006	29.2415	36.4963	1
1007	33.2337	33.0811	1
1008	32.0099	37.7912	1
1009	22.9221	37.3786	1
1010	32.6668	36.8642	1
1011	8.28547	34.1618	1
1012	34.1234	35.117	1
1013	36.991	34.5489	1
1014	37.4049	35.5933	1
1015	32.4874	34.0138	1
1016	1.33736	31.9056	1
1017	39.2036	34.9088	1
1018	2.89192	37.0237	1
1019	2.12221	39.7943	1
1020	3.08487	1.45411	1
1021	9.34974	34.0486	1
1022	16.3566	36.1426	1
1023	21.2561	0.884515	1
