0	2.1	2.1	1
1	3.6	2.1	1
2	5.1	2.1	1
3	6.6	2.1	1
4	8.1	2.1	1
5	9.6	2.1	1
6	11.1	2.1	1
7	12.6	2.1	1
8	14.1	2.1	1
9	15.6	2.1	1
10	17.1	2.1	1
11	18.6	2.1	1
12	20.1	2.1	1
13	21.6	2.1	1
14	23.1	2.1	1
15	24.6	2.1	1
16	26.1	2.1	1
17	27.6	2.1	1
18	29.1	2.1	1
19	30.6	2.1	1
20	32.1	2.1	1
21	33.6	2.1	1
22	35.1	2.1	1
23	36.6	2.1	1
24	38.1	2.1	1
25	2.85	3.39904	1
26	4.35	3.39904	1
27	5.85	3.39904	1
28	7.35	3.39904	1
29	8.85	3.39904	1
30	10.35	3.39904	1
31	11.85	3.39904	1
32	13.35	3.39904	1
33	14.85	3.39904	1
34	16.35	3.39904	1
35	17.85	3.39904	1
36	19.35	3.39904	1
37	20.85	3.39904	1
38	22.35	3.39904	1
39	23.85	3.39904	1
40	25.35	3.39904	1
41	26.85	3.39904	1
42	28.35	3.39904	1
43	29.85	3.39904	1
44	31.35	3.39904	1
45	32.85	3.39904	1
46	34.35	3.39904	1
47	35.85	3.39904	1
48	37.35	3.39904	1
49	38.85	3.39904	1
50	2.1	4.69808	1
51	3.6	4.69808	1
52	5.1	4.69808	1
53	6.6	4.69808	1
54	8.1	4.69808	1
55	9.6	4.69808	1
56	11.1	4.69808	1
57	12.6	4.69808	1
58	14.1	4.69808	1
59	15.6	4.69808	1
60	17.1	4.69808	1
61	18.6	4.69808	1
62	20.1	4.69808	1
63	21.6	4.69808	1
64	23.1	4.69808	1
65	24.6	4.69808	1
66	26.1	4.69808	1
67	27.6	4.69808	1
68	29.1	4.69808	1
69	30.6	4.69808	1
70	32.1	4.69808	1
71	33.6	4.69808	1
72	35.1	4.69808	1
73	36.6	4.69808	1
74	38.1	4.69808	1
75	2.85	5.99711	1
76	4.35	5.99711	1
77	5.85	5.99711	1
78	7.35	5.99711	1
79	8.85	5.99711	1
80	10.35	5.99711	1
81	11.85	5.99711	1
82	13.35	5.99711	1
83	14.85	5.99711	1
84	16.35	5.99711	1
85	17.85	5.99711	1
86	19.35	5.99711	1
87	20.85	5.99711	1
88	22.35	5.99711	1
89	23.85	5.99711	1
90	25.35	5.99711	1
91	26.85	5.99711	1
92	28.35	5.99711	1
93	29.85	5.99711	1
94	31.35	5.99711	1
95	32.85	5.99711	1
96	34.35	5.99711	1
97	35.85	5.99711	1
98	37.35	5.99711	1
99	38.85	5.99711	1
100	2.1	7.29615	1
101	3.6	7.29615	1
102	5.1	7.29615	1
103	6.6	7.29615	1
104	8.1	7.29615	1
105	9.6	7.29615	1
106	11.1	7.29615	1
107	12.6	7.29615	1
108	14.1	7.29615	1
109	15.6	7.29615	1
110	17.1	7.29615	1
111	18.6	7.29615	1
112	20.1	7.29615	1
113	21.6	7.29615	1
114	23.1	7.29615	1
115	24.6	7.29615	1
116	26.1	7.29615	1
117	27.6	7.29615	1
118	29.1	7.29615	1
119	30.6	7.29615	1
120	32.1	7.29615	1
121	33.6	7.29615	1
122	35.1	7.29615	1
123	36.6	7.29615	1
124	38.1	7.29615	1
125	2.85	8.59519	1
126	4.35	8.59519	1
127	5.85	8.59519	1
128	7.35	8.59519	1
129	8.85	8.59519	1
130	10.35	8.59519	1
131	11.85	8.59519	1
132	13.35	8.59519	1
133	14.85	8.59519	1
134	16.35	8.59519	1
135	17.85	8.59519	1
136	19.35	8.59519	1
137	20.85	8.59519	1
138	22.35	8.59519	1
139	23.85	8.59519	1
140	25.35	8.59519	1
141	26.85	8.59519	1
142	28.35	8.59519	1
143	29.85	8.59519	1
144	31.35	8.59519	1
145	32.85	8.59519	1
146	34.35	8.59519	1
147	35.85	8.59519	1
148	37.35	8.59519	1
149	38.85	8.59519	1
150	2.1	9.89423	1
151	3.6	9.89423	1
152	5.1	9.89423	1
153	6.6	9.89423	1
154	8.1	9.89423	1
155	9.6	9.89423	1
156	11.1	9.89423	1
157	12.6	9.89423	1
158	14.1	9.89423	1
159	15.6	9.89423	1
160	17.1	9.89423	1
161	18.6	9.89423	1
162	20.1	9.89423	1
163	21.6	9.89423	1
164	23.1	9.89423	1
165	24.6	9.89423	1
166	26.1	9.89423	1
167	27.6	9.89423	1
168	29.1	9.89423	1
169	30.6	9.89423	1
170	32.1	9.89423	1
171	33.6	9.89423	1
172	35.1	9.89423	1
173	36.6	9.89423	1
174	38.1	9.89423	1
175	2.85	11.1933	1
176	4.35	11.1933	1
177	5.85	11.1933	1
178	7.35	11.1933	1
179	8.85	11.1933	1
180	10.35	11.1933	1
181	11.85	11.1933	1
182	13.35	11.1933	1
183	14.85	11.1933	1
184	16.35	11.1933	1
185	17.85	11.1933	1
186	19.35	11.1933	1
187	20.85	11.1933	1
188	22.35	11.1933	1
189	23.85	11.1933	1
190	25.35	11.1933	1
191	26.85	11.1933	1
192	28.35	11.1933	1
193	29.85	11.1933	1
194	31.35	11.1933	1
195	32.85	11.1933	1
196	34.35	11.1933	1
197	35.85	11.1933	1
198	37.35	11.1933	1
199	38.85	11.1933	1
200	2.1	12.4923	1
201	3.6	12.4923	1
202	5.1	12.4923	1
203	6.6	12.4923	1
204	8.1	12.4923	1
205	9.6	12.4923	1
206	11.1	12.4923	1
207	12.6	12.4923	1
208	14.1	12.4923	1
209	15.6	12.4923	1
210	17.1	12.4923	1
211	18.6	12.4923	1
212	20.1	12.4923	1
213	21.6	12.4923	1
214	23.1	12.4923	1
215	24.6	12.4923	1
216	26.1	12.4923	1
217	27.6	12.4923	1
218	29.1	12.4923	1
219	30.6	12.4923	1
220	32.1	12.4923	1
221	33.6	12.4923	1
222	35.1	12.4923	1
223	36.6	12.4923	1
224	38.1	12.4923	1
225	2.85	13.7913	1
226	4.35	13.7913	1
227	5.85	13.7913	1
228	7.35	13.7913	1
229	8.85	13.7913	1
230	10.35	13.7913	1
231	11.85	13.7913	1
232	13.35	13.7913	1
233	14.85	13.7913	1
234	16.35	13.7913	1
235	17.85	13.7913	1
236	19.35	13.7913	1
237	20.85	13.7913	1
238	22.35	13.7913	1
239	23.85	13.7913	1
240	25.35	13.7913	1
241	26.85	13.7913	1
242	28.35	13.7913	1
243	29.85	13.7913	1
244	31.35	13.7913	1
245	32.85	13.7913	1
246	34.35	13.7913	1
247	35.85	13.7913	1
248	37.35	13.7913	1
249	38.85	13.7913	1
250	2.1	15.0904	1
251	3.6	15.0904	1
252	5.1	15.0904	1
253	6.6	15.0904	1
254	8.1	15.0904	1
255	9.6	15.0904	1
256	11.1	15.0904	1
257	12.6	15.0904	1
258	14.1	15.0904	1
259	15.6	15.0904	1
260	17.1	15.0904	1
261	18.6	15.0904	1
262	20.1	15.0904	1
263	21.6	15.0904	1
264	23.1	15.0904	1
265	24.6	15.0904	1
266	26.1	15.0904	1
267	27.6	15.0904	1
268	29.1	15.0904	1
269	30.6	15.0904	1
270	32.1	15.0904	1
271	33.6	15.0904	1
272	35.1	15.0904	1
273	36.6	15.0904	1
274	38.1	15.0904	1
275	2.85	16.3894	1
276	4.35	16.3894	1
277	5.85	16.3894	1
278	7.35	16.3894	1
279	8.85	16.3894	1
280	10.35	16.3894	1
281	11.85	16.3894	1
282	13.35	16.3894	1
283	14.85	16.3894	1
284	16.35	16.3894	1
285	17.85	16.3894	1
286	19.35	16.3894	1
287	20.85	16.3894	1
288	22.35	16.3894	1
289	23.85	16.3894	1
290	25.35	16.3894	1
291	26.85	16.3894	1
292	28.35	16.3894	1
293	29.85	16.3894	1
294	31.35	16.3894	1
295	32.85	16.3894	1
296	34.35	16.3894	1
297	35.85	16.3894	1
298	37.35	16.3894	1
299	38.85	16.3894	1
300	2.1	17.6885	1
301	3.6	17.6885	1
302	5.1	17.6885	1
303	6.6	17.6885	1
304	8.1	17.6885	1
305	9.6	17.6885	1
306	11.1	17.6885	1
307	12.6	17.6885	1
308	14.1	17.6885	1
309	15.6	17.6885	1
310	17.1	17.6885	1
311	18.6	17.6885	1
312	20.1	17.6885	1
313	21.6	17.6885	1
314	23.1	17.6885	1
315	24.6	17.6885	1
316	26.1	17.6885	1
317	27.6	17.6885	1
318	29.1	17.6885	1
319	30.6	17.6885	1
320	32.1	17.6885	1
321	33.6	17.6885	1
322	35.1	17.6885	1
323	36.6	17.6885	1
324	38.1	17.6885	1
325	2.85	18.9875	1
326	4.35	18.9875	1
327	5.85	18.9875	1
328	7.35	18.9875	1
329	8.85	18.9875	1
330	10.35	18.9875	1
331	11.85	18.9875	1
332	13.35	18.9875	1
333	14.85	18.9875	1
334	16.35	18.9875	1
335	17.85	18.9875	1
336	19.35	18.9875	1
337	20.85	18.9875	1
338	22.35	18.9875	1
339	23.85	18.9875	1
340	25.35	18.9875	1
341	26.85	18.9875	1
342	28.35	18.9875	1
343	29.85	18.9875	1
344	31.35	18.9875	1
345	32.85	18.9875	1
346	34.35	18.9875	1
347	35.85	18.9875	1
348	37.35	18.9875	1
349	38.85	18.9875	1
350	2.1	20.2865	1
351	3.6	20.2865	1
352	5.1	20.2865	1
353	6.6	20.2865	1
354	8.1	20.2865	1
355	9.6	20.2865	1
356	11.1	20.2865	1
357	12.6	20.2865	1
358	14.1	20.2865	1
359	15.6	20.2865	1
360	17.1	20.2865	1
361	18.6	20.2865	1
362	20.1	20.2865	1
363	21.6	20.2865	1
364	23.1	20.2865	1
365	24.6	20.2865	1
366	26.1	20.2865	1
367	27.6	20.2865	1
368	29.1	20.2865	1
369	30.6	20.2865	1
370	32.1	20.2865	1
371	33.6	20.2865	1
372	35.1	20.2865	1
373	36.6	20.2865	1
374	38.1	20.2865	1
375	2.85	21.5856	1
376	4.35	21.5856	1
377	5.85	21.5856	1
378	7.35	21.5856	1
379	8.85	21.5856	1
380	10.35	21.5856	1
381	11.85	21.5856	1
382	13.35	21.5856	1
383	14.85	21.5856	1
384	16.35	21.5856	1
385	17.85	21.5856	1
386	19.35	21.5856	1
387	20.85	21.5856	1
388	22.35	21.5856	1
389	23.85	21.5856	1
390	25.35	21.5856	1
391	26.85	21.5856	1
392	28.35	21.5856	1
393	29.85	21.5856	1
394	31.35	21.5856	1
395	32.85	21.5856	1
396	34.35	21.5856	1
397	35.85	21.5856	1
398	37.35	21.5856	1
399	38.85	21.5856	1
400	2.1	22.8846	1
401	3.6	22.8846	1
402	5.1	22.8846	1
403	6.6	22.8846	1
404	8.1	22.8846	1
405	9.6	22.8846	1
406	11.1	22.8846	1
407	12.6	22.8846	1
408	14.1	22.8846	1
409	15.6	22.8846	1
410	17.1	22.8846	1
411	18.6	22.8846	1
412	20.1	22.8846	1
413	21.6	22.8846	1
414	23.1	22.8846	1
415	24.6	22.8846	1
416	26.1	22.8846	1
417	27.6	22.8846	1
418	29.1	22.8846	1
419	30.6	22.8846	1
420	32.1	22.8846	1
421	33.6	22.8846	1
422	35.1	22.8846	1
423	36.6	22.8846	1
424	38.1	22.8846	1
425	2.85	24.1836	1
426	4.35	24.1836	1
427	5.85	24.1836	1
428	7.35	24.1836	1
429	8.85	24.1836	1
430	10.35	24.1836	1
431	11.85	24.1836	1
432	13.35	24.1836	1
433	14.85	24.1836	1
434	16.35	24.1836	1
435	17.85	24.1836	1
436	19.35	24.1836	1
437	20.85	24.1836	1
438	22.35	24.1836	1
439	23.85	24.1836	1
440	25.35	24.1836	1
441	26.85	24.1836	1
442	28.35	24.1836	1
443	29.85	24.1836	1
444	31.35	24.1836	1
445	32.85	24.1836	1
446	34.35	24.1836	1
447	35.85	24.1836	1
448	37.35	24.1836	1
449	38.85	24.1836	1
450	2.1	25.4827	1
451	3.6	25.4827	1
452	5.1	25.4827	1
453	6.6	25.4827	1
454	8.1	25.4827	1
455	9.6	25.4827	1
456	11.1	25.4827	1
457	12.6	25.4827	1
458	14.1	25.4827	1
459	15.6	25.4827	1
460	17.1	25.4827	1
461	18.6	25.4827	1
462	20.1	25.4827	1
463	21.6	25.4827	1
464	23.1	25.4827	1
465	24.6	25.4827	1
466	26.1	25.4827	1
467	27.6	25.4827	1
468	29.1	25.4827	1
469	30.6	25.4827	1
470	32.1	25.4827	1
471	33.6	25.4827	1
472	35.1	25.4827	1
473	36.6	25.4827	1
474	38.1	25.4827	1
475	2.85	26.7817	1
476	4.35	26.7817	1
477	5.85	26.7817	1
478	7.35	26.7817	1
479	8.85	26.7817	1
480	10.35	26.7817	1
481	11.85	26.7817	1
482	13.35	26.7817	1
483	14.85	26.7817	1
484	16.35	26.7817	1
485	17.85	26.7817	1
486	19.35	26.7817	1
487	20.85	26.7817	1
488	22.35	26.7817	1
489	23.85	26.7817	1
490	25.35	26.7817	1
491	26.85	26.7817	1
492	28.35	26.7817	1
493	29.85	26.7817	1
494	31.35	26.7817	1
495	32.85	26.7817	1
496	34.35	26.7817	1
497	35.85	26.7817	1
498	37.35	26.7817	1
499	38.85	26.7817	1
500	2.1	28.0808	1
501	3.6	28.0808	1
502	5.1	28.0808	1
503	6.6	28.0808	1
504	8.1	28.0808	1
505	9.6	28.0808	1
506	11.1	28.0808	1
507	12.6	28.0808	1
508	14.1	28.0808	1
509	15.6	28.0808	1
510	17.1	28.0808	1
511	18.6	28.0808	1
