0	2.1	2.1	1
1	3.6	2.1	1
2	5.1	2.1	1
3	6.6	2.1	1
4	8.1	2.1	1
5	9.6	2.1	1
6	11.1	2.1	1
7	12.6	2.1	1
8	14.1	2.1	1
9	15.6	2.1	1
10	17.1	2.1	1
11	18.6	2.1	1
12	20.1	2.1	1
13	21.6	2.1	1
14	23.1	2.1	1
15	24.6	2.1	1
16	26.1	2.1	1
17	27.6	2.1	1
18	29.1	2.1	1
19	30.6	2.1	1
20	32.1	2.1	1
21	33.6	2.1	1
22	35.1	2.1	1
23	36.6	2.1	1
24	38.1	2.1	1
25	39.6	2.1	1
26	2.1	3.6	1
27	3.6	3.6	1
28	5.1	3.6	1
29	6.6	3.6	1
30	8.1	3.6	1
31	9.6	3.6	1
32	11.1	3.6	1
33	12.6	3.6	1
34	14.1	3.6	1
35	15.6	3.6	1
36	17.1	3.6	1
37	18.6	3.6	1
38	20.1	3.6	1
39	21.6	3.6	1
40	23.1	3.6	1
41	24.6	3.6	1
42	26.1	3.6	1
43	27.6	3.6	1
44	29.1	3.6	1
45	30.6	3.6	1
46	32.1	3.6	1
47	33.6	3.6	1
48	35.1	3.6	1
49	36.6	3.6	1
50	38.1	3.6	1
51	39.6	3.6	1
52	2.1	5.1	1
53	3.6	5.1	1
54	5.1	5.1	1
55	6.6	5.1	1
56	8.1	5.1	1
57	9.6	5.1	1
58	11.1	5.1	1
59	12.6	5.1	1
60	14.1	5.1	1
61	15.6	5.1	1
62	17.1	5.1	1
63	18.6	5.1	1
64	20.1	5.1	1
65	21.6	5.1	1
66	23.1	5.1	1
67	24.6	5.1	1
68	26.1	5.1	1
69	27.6	5.1	1
70	29.1	5.1	1
71	30.6	5.1	1
72	32.1	5.1	1
73	33.6	5.1	1
74	35.1	5.1	1
75	36.6	5.1	1
76	38.1	5.1	1
77	39.6	5.1	1
78	2.1	6.6	1
79	3.6	6.6	1
80	5.1	6.6	1
81	6.6	6.6	1
82	8.1	6.6	1
83	9.6	6.6	1
84	11.1	6.6	1
85	12.6	6.6	1
86	14.1	6.6	1
87	15.6	6.6	1
88	17.1	6.6	1
89	18.6	6.6	1
90	20.1	6.6	1
91	21.6	6.6	1
92	23.1	6.6	1
93	24.6	6.6	1
94	26.1	6.6	1
95	27.6	6.6	1
96	29.1	6.6	1
97	30.6	6.6	1
98	32.1	6.6	1
99	33.6	6.6	1
100	35.1	6.6	1
101	36.6	6.6	1
102	38.1	6.6	1
103	39.6	6.6	1
104	2.1	8.1	1
105	3.6	8.1	1
106	5.1	8.1	1
107	6.6	8.1	1
108	8.1	8.1	1
109	9.6	8.1	1
110	11.1	8.1	1
111	12.6	8.1	1
112	14.1	8.1	1
113	15.6	8.1	1
114	17.1	8.1	1
115	18.6	8.1	1
116	20.1	8.1	1
117	21.6	8.1	1
118	23.1	8.1	1
119	24.6	8.1	1
120	26.1	8.1	1
121	27.6	8.1	1
122	29.1	8.1	1
123	30.6	8.1	1
124	32.1	8.1	1
125	33.6	8.1	1
126	35.1	8.1	1
127	36.6	8.1	1
128	38.1	8.1	1
129	39.6	8.1	1
130	2.1	9.6	1
131	3.6	9.6	1
132	5.1	9.6	1
133	6.6	9.6	1
134	8.1	9.6	1
135	9.6	9.6	1
136	11.1	9.6	1
137	12.6	9.6	1
138	14.1	9.6	1
139	15.6	9.6	1
140	17.1	9.6	1
141	18.6	9.6	1
142	20.1	9.6	1
143	21.6	9.6	1
144	23.1	9.6	1
145	24.6	9.6	1
146	26.1	9.6	1
147	27.6	9.6	1
148	29.1	9.6	1
149	30.6	9.6	1
150	32.1	9.6	1
151	33.6	9.6	1
152	35.1	9.6	1
153	36.6	9.6	1
154	38.1	9.6	1
155	39.6	9.6	1
156	2.1	11.1	1
157	3.6	11.1	1
158	5.1	11.1	1
159	6.6	11.1	1
160	8.1	11.1	1
161	9.6	11.1	1
162	11.1	11.1	1
163	12.6	11.1	1
164	14.1	11.1	1
165	15.6	11.1	1
166	17.1	11.1	1
167	18.6	11.1	1
168	20.1	11.1	1
169	21.6	11.1	1
170	23.1	11.1	1
171	24.6	11.1	1
172	26.1	11.1	1
173	27.6	11.1	1
174	29.1	11.1	1
175	30.6	11.1	1
176	32.1	11.1	1
177	33.6	11.1	1
178	35.1	11.1	1
179	36.6	11.1	1
180	38.1	11.1	1
181	39.6	11.1	1
182	2.1	12.6	1
183	3.6	12.6	1
184	5.1	12.6	1
185	6.6	12.6	1
186	8.1	12.6	1
187	9.6	12.6	1
188	11.1	12.6	1
189	12.6	12.6	1
190	14.1	12.6	1
191	15.6	12.6	1
192	17.1	12.6	1
193	18.6	12.6	1
194	20.1	12.6	1
195	21.6	12.6	1
196	23.1	12.6	1
197	24.6	12.6	1
198	26.1	12.6	1
199	27.6	12.6	1
200	29.1	12.6	1
201	30.6	12.6	1
202	32.1	12.6	1
203	33.6	12.6	1
204	35.1	12.6	1
205	36.6	12.6	1
206	38.1	12.6	1
207	39.6	12.6	1
208	2.1	14.1	1
209	3.6	14.1	1
210	5.1	14.1	1
211	6.6	14.1	1
212	8.1	14.1	1
213	9.6	14.1	1
214	11.1	14.1	1
215	12.6	14.1	1
216	14.1	14.1	1
217	15.6	14.1	1
218	17.1	14.1	1
219	18.6	14.1	1
220	20.1	14.1	1
221	21.6	14.1	1
222	23.1	14.1	1
223	24.6	14.1	1
224	26.1	14.1	1
225	27.6	14.1	1
226	29.1	14.1	1
227	30.6	14.1	1
228	32.1	14.1	1
229	33.6	14.1	1
230	35.1	14.1	1
231	36.6	14.1	1
232	38.1	14.1	1
233	39.6	14.1	1
234	2.1	15.6	1
235	3.6	15.6	1
236	5.1	15.6	1
237	6.6	15.6	1
238	8.1	15.6	1
239	9.6	15.6	1
240	11.1	15.6	1
241	12.6	15.6	1
242	14.1	15.6	1
243	15.6	15.6	1
244	17.1	15.6	1
245	18.6	15.6	1
246	20.1	15.6	1
247	21.6	15.6	1
248	23.1	15.6	1
249	24.6	15.6	1
250	26.1	15.6	1
251	27.6	15.6	1
252	29.1	15.6	1
253	30.6	15.6	1
254	32.1	15.6	1
255	33.6	15.6	1
256	35.1	15.6	1
257	36.6	15.6	1
258	38.1	15.6	1
259	39.6	15.6	1
260	2.1	17.1	1
261	3.6	17.1	1
262	5.1	17.1	1
263	6.6	17.1	1
264	8.1	17.1	1
265	9.6	17.1	1
266	11.1	17.1	1
267	12.6	17.1	1
268	14.1	17.1	1
269	15.6	17.1	1
270	17.1	17.1	1
271	18.6	17.1	1
272	20.1	17.1	1
273	21.6	17.1	1
274	23.1	17.1	1
275	24.6	17.1	1
276	26.1	17.1	1
277	27.6	17.1	1
278	29.1	17.1	1
279	30.6	17.1	1
280	32.1	17.1	1
281	33.6	17.1	1
282	35.1	17.1	1
283	36.6	17.1	1
284	38.1	17.1	1
285	39.6	17.1	1
286	2.1	18.6	1
287	3.6	18.6	1
288	5.1	18.6	1
289	6.6	18.6	1
290	8.1	18.6	1
291	9.6	18.6	1
292	11.1	18.6	1
293	12.6	18.6	1
294	14.1	18.6	1
295	15.6	18.6	1
296	17.1	18.6	1
297	18.6	18.6	1
298	20.1	18.6	1
299	21.6	18.6	1
300	23.1	18.6	1
301	24.6	18.6	1
302	26.1	18.6	1
303	27.6	18.6	1
304	29.1	18.6	1
305	30.6	18.6	1
306	32.1	18.6	1
307	33.6	18.6	1
308	35.1	18.6	1
309	36.6	18.6	1
310	38.1	18.6	1
311	39.6	18.6	1
312	2.1	20.1	1
313	3.6	20.1	1
314	5.1	20.1	1
315	6.6	20.1	1
316	8.1	20.1	1
317	9.6	20.1	1
318	11.1	20.1	1
319	12.6	20.1	1
320	14.1	20.1	1
321	15.6	20.1	1
322	17.1	20.1	1
323	18.6	20.1	1
324	20.1	20.1	1
325	21.6	20.1	1
326	23.1	20.1	1
327	24.6	20.1	1
328	26.1	20.1	1
329	27.6	20.1	1
330	29.1	20.1	1
331	30.6	20.1	1
332	32.1	20.1	1
333	33.6	20.1	1
334	35.1	20.1	1
335	36.6	20.1	1
336	38.1	20.1	1
337	39.6	20.1	1
338	2.1	21.6	1
339	3.6	21.6	1
340	5.1	21.6	1
341	6.6	21.6	1
342	8.1	21.6	1
343	9.6	21.6	1
344	11.1	21.6	1
345	12.6	21.6	1
346	14.1	21.6	1
347	15.6	21.6	1
348	17.1	21.6	1
349	18.6	21.6	1
350	20.1	21.6	1
351	21.6	21.6	1
352	23.1	21.6	1
353	24.6	21.6	1
354	26.1	21.6	1
355	27.6	21.6	1
356	29.1	21.6	1
357	30.6	21.6	1
358	32.1	21.6	1
359	33.6	21.6	1
360	35.1	21.6	1
361	36.6	21.6	1
362	38.1	21.6	1
363	39.6	21.6	1
364	2.1	23.1	1
365	3.6	23.1	1
366	5.1	23.1	1
367	6.6	23.1	1
368	8.1	23.1	1
369	9.6	23.1	1
370	11.1	23.1	1
371	12.6	23.1	1
372	14.1	23.1	1
373	15.6	23.1	1
374	17.1	23.1	1
375	18.6	23.1	1
376	20.1	23.1	1
377	21.6	23.1	1
378	23.1	23.1	1
379	24.6	23.1	1
380	26.1	23.1	1
381	27.6	23.1	1
382	29.1	23.1	1
383	30.6	23.1	1
384	32.1	23.1	1
385	33.6	23.1	1
386	35.1	23.1	1
387	36.6	23.1	1
388	38.1	23.1	1
389	39.6	23.1	1
390	2.1	24.6	1
391	3.6	24.6	1
392	5.1	24.6	1
393	6.6	24.6	1
394	8.1	24.6	1
395	9.6	24.6	1
396	11.1	24.6	1
397	12.6	24.6	1
398	14.1	24.6	1
399	15.6	24.6	1
400	17.1	24.6	1
401	18.6	24.6	1
402	20.1	24.6	1
403	21.6	24.6	1
404	23.1	24.6	1
405	24.6	24.6	1
406	26.1	24.6	1
407	27.6	24.6	1
408	29.1	24.6	1
409	30.6	24.6	1
410	32.1	24.6	1
411	33.6	24.6	1
412	35.1	24.6	1
413	36.6	24.6	1
414	38.1	24.6	1
415	39.6	24.6	1
416	2.1	26.1	1
417	3.6	26.1	1
418	5.1	26.1	1
419	6.6	26.1	1
420	8.1	26.1	1
421	9.6	26.1	1
422	11.1	26.1	1
423	12.6	26.1	1
424	14.1	26.1	1
425	15.6	26.1	1
426	17.1	26.1	1
427	18.6	26.1	1
428	20.1	26.1	1
429	21.6	26.1	1
430	23.1	26.1	1
431	24.6	26.1	1
432	26.1	26.1	1
433	27.6	26.1	1
434	29.1	26.1	1
435	30.6	26.1	1
436	32.1	26.1	1
437	33.6	26.1	1
438	35.1	26.1	1
439	36.6	26.1	1
440	38.1	26.1	1
441	39.6	26.1	1
442	2.1	27.6	1
443	3.6	27.6	1
444	5.1	27.6	1
445	6.6	27.6	1
446	8.1	27.6	1
447	9.6	27.6	1
448	11.1	27.6	1
449	12.6	27.6	1
450	14.1	27.6	1
451	15.6	27.6	1
452	17.1	27.6	1
453	18.6	27.6	1
454	20.1	27.6	1
455	21.6	27.6	1
456	23.1	27.6	1
457	24.6	27.6	1
458	26.1	27.6	1
459	27.6	27.6	1
460	29.1	27.6	1
461	30.6	27.6	1
462	32.1	27.6	1
463	33.6	27.6	1
464	35.1	27.6	1
465	36.6	27.6	1
466	38.1	27.6	1
467	39.6	27.6	1
468	2.1	29.1	1
469	3.6	29.1	1
470	5.1	29.1	1
471	6.6	29.1	1
472	8.1	29.1	1
473	9.6	29.1	1
474	11.1	29.1	1
475	12.6	29.1	1
476	14.1	29.1	1
477	15.6	29.1	1
478	17.1	29.1	1
479	18.6	29.1	1
480	20.1	29.1	1
481	21.6	29.1	1
482	23.1	29.1	1
483	24.6	29.1	1
484	26.1	29.1	1
485	27.6	29.1	1
486	29.1	29.1	1
487	30.6	29.1	1
488	32.1	29.1	1
489	33.6	29.1	1
490	35.1	29.1	1
491	36.6	29.1	1
492	38.1	29.1	1
493	39.6	29.1	1
494	2.1	30.6	1
495	3.6	30.6	1
496	5.1	30.6	1
497	6.6	30.6	1
498	8.1	30.6	1
499	9.6	30.6	1
500	11.1	30.6	1
501	12.6	30.6	1
502	14.1	30.6	1
503	15.6	30.6	1
504	17.1	30.6	1
505	18.6	30.6	1
506	20.1	30.6	1
507	21.6	30.6	1
508	23.1	30.6	1
509	24.6	30.6	1
510	26.1	30.6	1
511	27.6	30.6	1
