0.773827
0.761123
1.64788
1.54239
0.724784
1.5842
1.97493
1.79319
0.818426
1.09798
1.44049
1.94887
1.14433
1.64855
0.6781
1.00317
0.73617
0.529826
1.23419
1.09036
0.428129
2.03715
2.16546
0.281532
2.72501
1.89672
1.74249
1.08529
1.59659
0.888588
1.31211
0.988314
1.78783
0.731792
0.728593
0.666345
0.900548
0.837298
0.719249
1.2189
2.44953
0.167072
0.460109
1.23874
0.781671
1.63551
1.62734
1.91573
2.19521
1.21122
0.992455
1.07399
1.16921
1.30562
1.66672
0.420613
1.5086
2.20398
1.17039
0.928844
1.4541
0.684812
0.13088
1.13925
1.01669
1.27501
1.94642
1.12589
1.54615
1.12383
2.46635
0.640544
0.276737
0.739408
1.07323
2.38034
1.83716
1.68197
0.615339
0.602698
2.04164
0.234783
2.32573
2.35254
0.728496
1.27981
1.05047
0.686377
0.177313
1.32967
0.732048
0.548849
0.893754
0.942991
0.67646
1.61897
1.55152
0.69456
2.50372
2.19747
0.713497
0.777632
1.31744
0.727627
0.319084
1.37985
1.26651
1.61825
0.957399
1.4642
0.435509
1.33282
1.40415
0.704503
1.04856
0.52681
2.16259
1.19074
1.48728
1.2778
0.642884
0.216257
1.37218
1.97681
1.58945
1.98507
1.80534
1.4791
0.899074
0.996312
1.3336
1.74223
1.33038
0.136349
1.20696
1.13736
0.785155
1.32783
0.878931
0.459335
1.25421
1.34992
1.63554
1.10923
1.43393
1.66851
0.736189
0.576198
1.66833
1.69783
0.931147
0.911001
2.63129
1.38635
0.773097
1.6643
1.08074
0.764921
0.543479
1.2128
0.98546
0.18735
1.60603
0.495378
3.01268
2.08401
2.06642
0.954296
0.608383
0.296581
0.26608
0.649949
2.57987
0.201935
1.34616
1.06247
1.23593
1.71223
1.06901
1.34401
1.13756
0.983066
0.696118
1.11529
2.2497
1.97306
0.522537
1.46597
0.347792
0.614405
0.792367
1.09498
1.27974
0.822857
0.466056
1.5769
0.392933
1.9097
0.339303
0.843271
0.571348
1.24527
1.24836
1.89583
1.53874
0.897456
1.33954
0.738778
1.74694
0.237085
0.506631
0.941663
0.27507
0.711358
0.27208
1.43088
1.64679
1.53034
0.925525
1.47551
2.0957
1.08007
1.21209
0.348035
1.16166
0.513963
0.775727
0.985185
1.42706
0.785757
1.90656
1.04758
1.12052
1.19287
3.19841
1.60975
2.53296
1.21288
0.45168
0.940758
1.50037
1.32602
1.69234
2.43119
0.896739
1.3318
0.704097
2.30221
1.32845
1.40656
1.12273
1.05187
0.944942
1.56087
1.76647
1.03233
1.50705
0.160294
1.07226
2.23825
2.32168
1.786
3.15266
1.70972
1.74575
0.758281
1.63945
1.14533
1.08429
1.79324
2.10413
0.967927
0.458021
0.308156
0.391038
1.87942
1.92724
1.66904
0.936818
0.336633
0.697662
2.02645
3.08534
0.581527
0.467138
2.14433
2.38813
0.688023
0.449836
2.07405
1.98795
0.756595
2.68583
1.62268
2.59855
1.64777
0.745646
1.2185
1.64268
0.97805
0.380243
0.831325
0.508533
0.493694
1.00695
1.63697
0.920613
0.417514
1.11586
0.513143
0.836981
1.78702
1.48943
0.821291
0.782609
0.760558
1.1669
1.30913
1.52534
0.603299
0.427417
0.878221
0.181967
1.74345
0.666405
0.67553
0.999795
0.891897
0.619503
0.192985
1.17198
2.88115
2.14617
1.77917
1.40519
0.310954
0.617548
1.84288
1.55774
1.71457
0.475502
0.987308
1.64256
1.43625
1.73038
1.31697
2.61595
1.79625
1.67469
1.22917
1.09209
0.71146
0.869481
2.04904
2.12482
0.648992
0.911938
1.58025
0.960563
0.933787
2.41877
0.988291
1.19202
0.517931
0.931899
0.618592
2.37728
0.823687
0.865928
0.889836
1.67941
1.30163
0.321796
0.531915
1.17606
1.31369
1.19335
0.930271
1.10417
1.48495
0.935791
2.25624
1.77128
0.415963
0.823473
0.492099
0.932693
2.11773
1.64867
1.15887
1.22947
0.42802
1.22708
0.98048
2.10177
1.90397
1.221
0.771237
2.03014
0.289606
1.61799
0.556225
1.31125
0.276538
1.68286
0.69934
2.06153
1.11499
0.312405
1.03951
0.445788
0.506997
2.58195
0.971305
1.06352
1.76211
0.812885
0.941967
1.95773
0.430486
2.02454
1.40262
1.27399
2.90047
1.36319
1.19493
0.285528
0.567103
0.784402
1.96276
2.29697
1.70734
2.53648
0.713966
0.867044
2.28161
0.836298
0.361967
0.752437
0.749698
2.23913
1.30843
0.857749
1.7047
1.92864
0.857892
1.83468
0.601485
1.09456
0.0427269
1.62456
2.16362
1.39849
0.710044
1.4271
2.13358
0.749975
0.310254
1.51694
0.566983
0.749576
1.58454
1.6103
1.22223
2.06906
1.26666
1.37661
1.20155
3.15012
2.03292
0.435482
0.637791
0.963408
1.37469
0.332342
0.736382
1.75215
0.580042
1.36859
0.57318
1.33831
1.40963
1.10585
0.467193
1.82288
0.468989
1.46233
0.683986
0.131079
0.237174
0.100709
0.446975
0.810225
1.08728
1.46532
1.26288
0.947038
2.22216
1.0301
0.846403
1.96872
1.54137
1.58723
0.982141
0.69724
0.984158
1.83534
0.332188
1.84345
0.926057
0.357504
1.25548
0.41497
0.525796
1.43798
2.61757
0.257884
0.926922
1.22706
0.716974
0.493586
2.58092
0.960274
1.28117
0.935985
0.857607
0.486428
1.37073
0.127976
1.57983
0.73978
0.424242
1.08697
0.813889
0.160602
1.53349
1.23886
1.67131
1.38573
2.4516
1.05419
2.00545
1.19106
1.49774
0.807557
0.784108
0.897237
1.40607
1.31315
3.53194
1.96543
0.58586
0.585503
1.47001
0.686792
1.91837
2.20211
0.392712
0.835719
0.559261
1.19167
1.47101
0.570532
2.54581
1.01118
1.24875
1.16549
1.12673
0.412134
0.69236
0.68086
2.74839
0.882837
1.12567
0.729882
1.89107
1.06319
1.64185
1.2155
1.46038
1.2564
2.67469
0.645761
1.05493
1.29823
0.204069
1.41721
1.44406
0.962394
2.08223
1.45956
1.21614
0.317342
1.44098
1.39154
1.68986
1.37431
0.481554
1.38679
0.892232
2.2787
0.753779
0.701419
1.71973
0.651904
1.86981
1.16377
0.756478
2.2574
0.494839
1.48088
1.31048
0.240368
1.43917
1.6031
1.24123
1.01529
1.64843
2.07388
1.25623
0.84574
1.08697
0.940171
0.631552
1.80246
1.35351
2.07421
0.926142
2.43399
2.13158
1.64099
1.3788
2.4511
1.43738
0.309749
2.25605
2.09653
0.783147
0.877808
2.66199
2.85198
0.155276
0.8017
1.72004
0.531306
0.362408
1.79125
1.84599
0.495055
1.03685
0.374821
0.214264
1.22331
0.729368
0.957557
1.69465
1.56977
3.12582
1.64091
1.14036
1.01346
1.07702
0.804459
2.18568
1.83233
2.03499
0.546211
0.828999
1.64744
1.42872
0.781915
1.47204
0.436083
1.38317
0.968945
1.56295
1.02775
1.93695
0.633608
0.110645
0.386254
0.771235
1.42896
0.430709
1.13628
0.543424
2.99351
1.85232
1.96392
1.49256
0.237526
1.30325
1.38374
0.172674
1.45186
0.472879
0.356211
2.08287
0.291817
1.36883
1.60262
0.549603
1.4381
2.43065
1.17745
0.295409
0.56399
0.510672
1.88786
0.332956
1.11759
1.75895
1.23371
1.10049
1.17709
0.892735
1.63411
0.664232
1.46469
1.41846
0.724247
1.95091
1.02998
0.897417
0.898206
0.591636
2.86246
0.769624
1.78737
1.77485
0.470144
1.76815
1.11691
0.569823
0.662816
1.36801
1.29251
1.66949
0.757333
1.05434
0.968842
1.40504
1.34864
0.537595
2.11467
0.163615
0.946964
1.72864
1.08608
1.17377
0.776125
0.662205
1.11252
1.12518
0.721
0.152483
2.30953
2.20298
2.08785
1.27466
0.56459
2.04674
1.05726
1.00891
0.917094
1.1227
0.480509
0.928292
0.919566
1.11712
2.02239
1.49777
1.29683
0.916094
1.33515
1.51127
0.795724
0.373561
1.60196
1.6449
0.560213
2.05041
2.03676
0.168771
1.43553
0.97387
1.1472
1.43576
0.943492
0.159135
1.06001
0.13027
0.881563
0.702197
0.905584
2.26223
0.750253
0.64542
1.39682
1.56059
0.624165
1.11622
1.74735
0.723499
0.517224
1.21394
1.37223
0.965369
2.01918
0.328221
1.31112
2.49465
1.81029
1.19834
1.79614
1.22625
0.575362
0.625053
1.36938
1.81495
0.347274
1.02192
1.47717
1.03717
1.11607
1.62072
0.576439
0.744228
0.121755
1.4276
0.902016
1.97772
0.304999
0.824761
1.75662
1.25906
1.8245
0.656833
0.231333
1.02995
1.80983
0.781819
2.14096
1.62817
2.38792
1.43005
0.545015
1.54631
1.04765
0.950024
0.9356
1.43537
1.21667
0.728928
2.3365
1.82881
0.0707574
1.95357
1.37987
0.855283
2.01103
0.644143
0.51117
1.32467
0.942254
1.17637
2.24998
2.10603
0.650696
2.81251
0.439346
0.572005
0.9464
1.3574
0.32008
0.999973
1.48199
0.990179
1.80094
0.673902
1.109
1.51617
1.82483
1.0718
1.2296
1.82184
0.497436
1.64726
1.94364
1.07196
0.307684
1.16409
1.39717
0.67241
0.777452
0.706795
1.3299
0.565281
0.917579
0.21254
1.3415
1.03075
1.24659
1.64625
1.00522
0.783952
2.30045
0.935668
0.498622
1.32621
0.50235
0.653896
0.883858
0.127251
0.408048
0.692355
0.305447
1.58893
0.126355
1.25352
0.266465
0.972189
1.72498
1.4624
1.73457
0.123544
1.66892
2.14074
3.45756
1.18716
1.45178
1.72868
2.05701
0.962341
0.832836
0.829912
0.327142
1.64639
2.87575
0.426549
0.535077
1.19909
0.373371
2.57849
1.67695
0.981218
1.05811
1.93884
2.02516
2.15467
0.404372
1.09594
1.2855
0.640781
0.995517
1.17778
0.60419
0.539718
1.08593
1.46692
2.46747
2.23698
0.486146
0.251386
1.504
0.262847
0.228524
1.27215
1.0713
1.72121
1.58754
2.4134
0.82762
0.352763
1.00992
1.58767
2.19621
1.61833
1.15675
1.86535
0.354029
0.414955
0.777244
1.47777
2.07378
0.702329
0.46994
0.538992
0.964273
0.687116
0.198413
1.13023
1.97005
0.799518
0.742955
2.13531
1.36991
0.757233
1.19462
1.09708
1.00617
0.805775
2.40832
1.51502
0.744177
0.0628425
0.355253
1.77713
0.554584
1.87653
0.893442
1.41891
1.9791
2.50782
1.83374
0.664277
1.07106
0.197835
0.579355
1.01737
0.994253
0.509156
0.384986
0.293964
