2.35793
1.46826
0.0403874
1.68136
1.18794
0.431078
0.733875
1.23343
0.524555
0.843191
1.49147
1.46324
1.54298
1.61786
0.178428
1.53699
0.67488
1.36201
1.476
1.7781
0.787145
1.48194
1.93758
0.371342
0.16069
0.896663
1.26552
2.14665
0.940704
0.35248
0.126819
1.71674
1.31159
2.15769
1.62381
0.508935
1.60888
2.12949
1.55015
0.629572
1.20302
1.82437
1.05919
1.00994
0.472268
0.430733
0.696502
1.07651
2.72823
1.02109
2.06562
1.042
1.29404
1.21945
0.120615
0.499642
1.24084
1.90465
1.75238
0.653559
1.6488
0.485105
1.7933
1.7901
0.68184
1.74251
1.1173
1.42636
0.621089
0.756891
1.15187
1.62521
1.74664
1.1341
0.853999
1.10431
1.90577
1.85729
0.950193
2.02421
0.46037
1.42813
0.764486
0.90106
1.19314
0.62345
1.50633
0.969287
1.3414
2.63189
0.320677
0.914166
0.636303
1.71548
1.94673
1.51998
1.12809
0.735566
1.36154
0.914043
0.82421
0.435857
1.16367
0.308502
0.363111
0.420089
0.887508
2.43394
1.14727
0.455943
1.1198
1.4987
0.517331
0.391903
0.342966
0.350152
0.801063
2.41941
2.1396
0.19715
2.25004
1.59352
1.24049
1.28465
1.29644
1.28163
1.73016
2.97835
1.25314
0.998592
0.210478
1.89914
1.40784
0.704578
2.96639
1.68736
0.449954
1.09345
0.939314
1.2234
1.31556
1.56676
0.596423
1.53206
1.31867
1.15987
1.1838
0.406197
2.28991
0.472763
2.57282
1.31779
1.03416
2.09844
3.43074
0.932036
1.51321
1.23141
0.444611
1.13304
1.64539
1.60368
1.61448
0.689731
0.590632
1.58217
2.04917
0.768749
1.17795
1.24924
1.48503
1.73367
1.50726
1.50465
1.09955
1.40855
0.991313
1.68156
0.927925
2.09918
0.400848
0.659135
0.580352
1.22154
1.19717
1.47355
0.574287
1.44386
0.410292
0.676013
0.693098
1.78245
0.653693
1.50032
0.540724
1.54078
0.923147
1.09422
0.93552
0.833824
1.30286
0.576068
1.1195
0.915175
1.91979
1.29748
0.390079
1.15101
2.17419
0.601253
1.58869
0.916552
0.0780218
1.52162
0.201999
1.67033
0.428248
1.83483
1.24522
2.29024
0.333125
1.15967
1.17683
0.971285
1.21811
0.128301
1.29753
1.21992
1.8033
3.16106
2.02408
0.888614
1.47967
0.30414
2.294
0.863618
1.10842
1.3095
0.112369
0.859538
3.06312
0.695523
1.76168
0.872721
2.15115
1.37721
0.994489
0.59658
2.99278
1.28088
1.23567
1.16224
0.615803
0.299541
1.17193
0.875262
0.634689
0.67777
1.04194
0.294955
1.1672
0.740496
0.838672
1.28335
0.710126
0.382443
1.11966
0.554341
1.52341
1.62653
1.2935
0.650549
1.45144
1.85779
0.547119
1.87971
0.59853
1.28743
0.955617
2.03213
0.48301
1.57733
0.749105
0.870264
0.537306
1.55953
0.977074
0.876732
1.36026
2.50572
0.950569
0.843416
0.53373
0.993978
0.405222
0.9539
1.70736
0.890194
1.22672
1.23523
0.206897
0.833595
0.970569
0.947202
1.66255
0.72453
1.54114
0.494667
0.518078
0.260388
0.894771
0.48535
0.06653
1.68931
1.10513
1.88368
0.610106
0.906177
0.468551
1.31643
0.918991
1.29434
0.562471
0.847993
1.09259
0.663547
2.25571
1.3293
0.956252
0.813082
0.67207
1.71418
0.562025
2.58333
2.09946
1.06047
1.19767
1.38262
1.56143
0.332595
0.963461
2.26219
2.08267
1.15816
0.694505
1.4375
0.576955
0.931834
0.853648
1.85269
0.294038
2.08771
1.28464
1.54588
2.85298
0.730022
0.481752
1.27978
1.32125
0.576963
1.11829
1.84087
1.1282
1.49457
1.25116
2.62776
0.716195
0.839036
2.17422
0.632176
1.33233
1.34223
2.23984
0.523865
1.17224
1.90378
1.17359
0.451727
1.09935
1.13411
1.15988
1.45913
2.2721
0.735552
1.68309
0.62456
1.15112
0.598368
1.16211
0.394678
1.58037
0.573289
1.524
0.726908
1.15896
0.998578
0.868903
0.408236
0.479867
1.14131
0.872415
0.987294
1.87909
2.5834
1.69034
0.746707
2.47985
0.682211
1.34375
0.836185
0.531899
1.01868
1.37543
2.26876
1.30355
1.46436
1.61284
0.615249
0.746197
1.12251
0.685551
0.845011
2.09775
1.90555
0.753806
2.13823
0.802796
1.69576
0.714156
1.81015
0.584764
0.460426
0.845949
0.534793
1.9461
1.89518
0.94869
0.792587
1.33893
1.72609
2.41183
0.186855
2.00508
1.4982
1.09581
1.86011
2.0337
1.10916
0.732834
0.391306
0.557994
2.16507
0.750195
2.40166
0.287595
1.58828
1.30169
1.02389
0.484164
0.905361
1.85283
1.01084
0.490562
2.15902
1.66641
1.57528
0.716214
1.28796
0.601049
0.945113
1.28162
2.79111
1.62025
0.87769
1.01684
1.53715
0.963257
1.23502
0.811795
0.860189
2.28625
1.49499
0.222058
2.19263
0.740427
0.838273
1.52863
1.134
0.160162
0.598302
1.09908
3.033
1.30035
0.636233
1.39035
1.41165
0.642787
1.29934
1.60675
1.88097
0.6675
1.67469
0.658022
1.25722
0.472005
0.806147
1.02952
1.30039
0.399753
1.31081
0.742866
0.998067
1.75833
1.79712
1.53626
0.425339
0.689282
1.00383
3.27555
1.08431
0.885892
0.336488
1.12973
0.213103
0.11979
0.180453
1.87578
1.43533
1.40803
1.645
1.50438
1.1061
1.32927
1.73819
1.23676
0.783836
1.37927
2.77183
0.413614
1.92793
1.30628
1.85117
1.22449
1.30335
0.319595
1.21205
2.12713
0.279204
2.34303
0.998952
1.37341
1.72909
1.42496
0.380466
0.374266
1.71598
0.294799
0.695193
1.01405
0.956196
0.120966
1.05144
4.13363
1.3887
1.34145
1.71265
0.711107
0.672301
1.95922
1.1572
0.167213
0.548454
2.23962
0.383563
1.20465
1.36806
1.9041
0.753754
0.146218
0.700704
1.25326
1.51745
1.78695
0.985514
0.748494
0.210968
0.22333
1.22576
1.21525
1.79939
1.23635
1.2776
2.34306
0.448778
1.32707
0.647047
0.9545
1.52067
0.885351
1.54922
1.27934
2.13138
0.500211
0.781151
0.416845
1.31519
0.539835
1.88438
0.975158
0.528022
1.09855
1.08468
1.23418
0.504778
1.53407
0.603547
1.38549
0.48029
0.934076
1.54346
0.179988
1.27241
2.60977
0.921548
1.7191
0.707001
1.22921
0.052346
2.38921
0.0810188
0.876536
1.48577
0.628286
0.24213
2.12512
1.22302
0.707535
0.607201
1.94336
1.16536
2.57184
1.12454
1.72493
0.966156
0.7975
1.97613
0.726201
1.18486
0.712321
0.522409
1.22868
0.623172
1.09881
1.30204
1.22955
0.867918
1.35903
2.72195
1.57572
0.289065
1.42401
2.42488
0.639823
0.826199
0.904035
2.11924
0.961242
1.33863
2.58463
1.54003
1.1713
1.32095
0.62747
1.08188
0.399532
0.362869
0.600257
0.59971
0.704322
0.637857
2.09051
0.0851127
0.94325
0.997157
1.81621
1.22554
1.76276
1.28313
1.45411
0.465878
1.48601
0.645032
1.78775
1.36722
2.01042
0.30275
0.357022
0.274959
1.76667
1.87152
1.78957
1.20867
0.35981
1.39736
3.24645
1.32794
1.64394
1.42389
1.98777
2.26303
1.48203
1.49583
2.07379
1.06051
0.845606
0.428241
0.603373
1.31038
1.01331
0.739171
0.882629
0.200371
1.77479
1.52529
2.60494
1.49153
0.479614
0.965386
0.385118
1.24748
0.756376
1.74826
1.0479
0.192064
0.833647
0.783398
0.911075
0.36045
1.80236
2.39591
2.02357
1.17803
1.30559
1.40077
0.327606
2.33146
1.71459
0.8711
0.975139
0.756112
0.633098
0.766299
1.98941
2.4422
1.79532
1.25359
0.432878
2.03611
0.158452
1.22246
0.824679
1.1463
1.39627
0.817956
2.49736
0.831101
0.75777
3.26359
1.31758
2.24304
1.2904
1.9181
0.29571
1.80858
1.04478
0.248388
0.588457
1.08883
1.4365
0.906037
0.980488
1.63862
1.23962
0.107587
1.49321
1.08527
0.890133
1.82455
0.738449
1.48427
0.132622
1.89744
2.73573
0.734493
1.01455
0.887384
1.21851
0.892918
0.334996
1.14124
1.09794
1.46223
1.76363
1.01238
0.880534
0.832905
0.274598
2.18458
0.797433
1.07049
0.993253
0.726828
2.40516
0.861509
0.412192
2.55438
1.06979
0.739436
0.463202
1.31988
1.05712
0.294754
0.876196
0.423129
0.475461
1.11181
0.202916
0.746559
1.70976
1.86014
1.69052
1.35396
0.306402
2.32561
1.96365
1.73779
0.876097
1.80571
0.105668
0.952293
0.960211
0.316689
1.34867
1.41255
0.592715
1.84645
1.26687
0.542013
3.29505
1.01579
1.7367
0.75325
1.12301
1.82936
1.94269
0.917047
1.16805
1.9454
1.21981
0.77928
1.18928
0.291158
1.08117
0.763429
1.83344
2.54819
2.07095
1.19481
0.592604
1.21267
0.766724
1.21034
0.717068
1.76691
0.74134
1.03786
1.33815
0.552316
1.67532
0.682812
1.36795
1.22943
1.53518
1.56611
1.85374
1.67621
1.25962
1.42573
0.967737
0.952119
1.39453
1.2665
1.00169
0.510057
1.28566
0.906879
0.908178
2.50003
1.77288
1.42201
1.76997
1.08236
0.759174
1.16188
1.53146
1.20509
0.445333
0.387607
1.61586
2.07456
1.70885
0.773955
1.02124
1.16259
1.53875
0.64559
0.42224
1.57034
0.156831
0.874269
1.34497
0.200007
0.204387
1.38186
1.27913
0.356448
1.25376
1.42356
1.77977
0.956343
0.360503
0.670822
1.29224
0.507538
1.00083
1.56459
0.243368
1.53562
1.06818
1.04845
2.37631
0.828488
1.23073
1.01426
1.69154
1.15739
0.966111
0.395488
0.776361
0.687971
1.6008
0.348264
1.45212
0.894765
3.25429
0.871619
1.40177
0.694491
1.0557
1.11115
0.944201
1.07998
1.10222
1.64463
0.627869
0.411416
1.35222
0.699471
1.52521
0.377308
1.07721
0.794831
1.71319
1.27804
0.854777
0.510719
0.958643
1.80226
1.02852
0.223138
1.24282
2.1363
1.81688
0.44815
1.2686
1.12009
1.04382
1.68299
1.34372
1.29389
0.957681
0.902884
1.03801
1.52533
1.12706
1.43575
1.49615
0.664862
1.3501
1.56299
2.27017
1.83935
0.44275
0.164633
0.713709
1.49424
1.95864
1.65375
0.799057
0.247821
2.3319
1.91818
1.04654
1.01527
1.68424
1.27141
1.14047
0.813908
2.67515
1.95881
2.55261
1.27853
1.03495
1.90818
