1.13192
1.03913
0.437178
1.0769
1.21582
0.611178
2.05863
2.20198
1.391
1.07411
0.742193
0.957665
1.09909
0.684161
0.67481
1.21754
2.11873
1.04609
0.800258
0.880439
0.361402
0.585468
1.65518
2.16495
0.0272497
0.872405
1.15216
1.96276
0.716416
1.12971
0.861624
2.08247
0.708227
1.20107
1.47963
1.48744
1.23591
2.08849
0.284485
1.88965
1.95004
1.76772
2.08709
0.609603
3.23416
0.580608
1.14445
0.47038
1.31539
1.29239
1.96869
0.896901
1.42487
3.08131
0.203597
0.877634
1.35434
1.76205
1.78634
1.47571
1.28684
1.28185
1.72905
1.38503
1.59109
1.45909
1.16813
1.56556
1.17894
1.00696
2.02105
1.07295
2.61312
1.16845
1.15707
0.874808
1.93139
1.13272
0.514756
2.78445
0.623515
2.30898
1.20799
0.300143
1.50274
1.06943
0.58656
1.2324
0.984029
0.630465
0.785353
1.82004
2.36973
2.20457
1.45426
1.04706
1.06503
1.48347
1.24384
0.825852
1.17356
1.00284
1.51636
1.46368
0.605627
0.750713
0.513156
0.368286
2.67746
0.600622
0.489015
0.848359
1.50135
1.64369
0.492696
0.532978
1.51652
1.16952
0.995954
2.09778
1.2245
0.344112
2.19616
0.473943
1.39547
1.30821
1.54279
1.00088
1.44275
0.165524
1.08469
1.26239
1.35338
1.2673
0.868545
0.240981
0.821071
1.9684
1.09387
0.585632
1.88146
1.21321
1.15764
1.27836
0.514675
0.088796
1.23242
0.366627
1.07175
0.211316
0.127733
1.37578
1.37842
0.735238
0.279939
0.646106
1.29228
1.37752
2.93075
0.869533
0.307417
0.474688
2.53374
0.964007
0.679783
0.958285
1.39302
1.23387
2.5374
1.77409
1.22861
1.6656
1.59911
1.48289
2.25611
0.620246
0.782348
0.879324
2.04366
1.61201
0.92758
2.02267
1.11572
1.43191
0.0859986
0.647067
0.189522
1.0114
0.915374
0.735311
1.06531
0.194564
0.423266
0.311689
1.89507
1.29588
0.980405
1.07046
0.125634
2.283
0.583751
2.69053
1.08405
2.7145
1.23153
2.26132
0.51921
0.640067
1.11177
1.52459
1.74415
0.974742
1.16923
0.173984
1.20885
0.584021
2.07285
1.63771
0.537617
0.773123
1.59059
0.753801
1.58579
1.88489
0.99879
2.17851
1.40508
1.26666
1.03343
1.3147
0.346731
0.236019
0.632444
0.483848
0.594324
0.322287
2.49326
0.902232
2.46533
0.679544
0.893261
2.46403
1.31122
1.53508
1.09283
0.656062
1.07584
0.968579
1.52423
1.36267
1.15183
0.938807
3.47109
1.46534
0.346952
1.57031
1.68281
1.10674
0.891573
0.628034
0.321527
1.9241
0.337923
0.579305
2.11598
1.68535
1.13579
0.858522
1.17173
1.43693
1.08349
1.08757
0.868202
1.49672
2.15142
0.616716
0.882797
1.2945
1.56264
1.28202
0.834305
0.366942
1.0873
0.277331
0.960623
1.54362
2.38289
0.358745
0.160852
0.165712
0.533167
1.92414
2.59851
0.414971
1.18149
0.493263
0.24242
1.45129
1.02363
0.718815
1.61465
1.50884
0.676262
2.41736
1.44357
1.49858
1.54404
2.25388
0.751124
0.830132
2.0329
1.25446
2.30669
0.744366
2.69073
0.752752
1.48399
0.767668
1.49568
0.0893917
3.24149
0.970161
0.779842
3.34413
0.952756
1.99787
0.673556
1.19322
2.11296
1.78029
1.96634
1.8823
0.877775
0.933946
0.475148
0.274061
1.66925
1.03236
0.383503
0.875155
0.848364
1.66969
0.754485
1.51457
0.829863
0.787712
1.01539
2.11867
1.17868
1.27734
1.0856
1.03301
1.00029
2.34913
1.32032
0.415972
1.15095
0.775676
1.49353
0.296283
2.12859
1.38646
1.08337
1.23814
1.60398
2.06562
2.51247
1.68503
0.400328
2.31538
0.73747
0.718231
1.00766
1.72064
1.224
1.07155
1.11272
1.42904
0.544117
0.795467
0.906148
3.71595
1.39998
2.0248
0.156471
0.934883
0.39245
0.961171
1.65464
1.84464
1.15575
2.06638
1.44587
1.05563
0.985868
1.00413
0.896846
0.631313
1.01386
1.40144
0.865477
1.54994
1.41335
2.48077
0.534572
0.608168
0.276838
1.52941
1.3077
2.5201
1.35565
0.568964
0.696563
1.22512
0.606293
0.9679
1.01587
0.658533
0.69946
1.09568
0.460326
1.19394
1.50917
2.6695
1.6851
0.585181
0.912806
1.30728
2.35238
0.760154
0.520433
2.0537
1.5875
1.14758
0.25767
1.52298
0.967639
1.32756
1.11874
2.07117
0.895056
1.34205
0.27189
1.2417
0.61456
1.51019
1.60211
2.40087
1.32411
0.703413
1.69922
0.931138
1.16085
1.79932
2.06453
0.439072
2.18816
0.756234
2.38472
1.17135
1.69545
1.60249
1.00772
0.944142
1.47495
0.574026
2.30214
1.69132
1.61311
0.295623
0.211752
1.76701
2.17256
1.12659
1.17734
1.12797
1.48674
1.44468
3.6006
1.74913
1.77471
0.430836
1.84029
0.739501
0.745523
1.75141
1.69272
0.656875
0.904718
1.51259
1.25723
2.10165
0.45152
0.761934
0.699946
2.04992
2.24397
1.52222
1.74291
1.75753
1.08099
1.46485
0.934982
1.21323
0.62439
0.852483
1.9638
1.60636
0.663691
1.31625
1.72362
0.370844
2.42369
1.25001
1.7691
1.80754
0.538957
1.30393
0.44688
1.5537
0.89446
1.21393
0.297275
1.42675
0.885877
1.89493
1.23382
0.425399
2.2152
0.790358
0.862881
1.38451
0.92466
1.03999
1.97206
0.810933
1.19933
1.23996
0.334588
1.0456
0.777271
1.11464
2.14116
0.633877
1.24995
1.31366
1.44788
0.767466
1.80136
2.21182
0.851723
0.698946
1.69732
1.79463
0.529653
1.26479
1.11804
1.96987
1.56745
0.350553
0.628202
0.599178
0.816596
1.72157
0.614555
1.22753
0.268405
0.435386
3.26647
0.4471
1.08452
0.286439
1.44313
1.27585
0.414446
1.17946
0.456188
1.17755
1.53361
0.657699
0.661018
0.640394
2.24033
1.26409
0.987577
0.79042
1.48112
0.47413
1.19861
1.10461
0.790742
0.627587
0.465768
1.48356
0.733984
2.97077
0.647386
0.694448
1.55253
1.42185
0.607132
1.20584
0.888953
2.1105
0.968862
1.60219
1.28755
2.31158
0.439387
0.970637
1.18202
1.75159
1.33787
1.33299
0.242021
1.91079
1.15192
1.70036
1.0921
2.02597
2.05782
1.32782
1.30339
1.3433
1.27394
1.00925
1.59607
1.79247
3.54049
1.88441
1.5518
1.30796
0.589646
1.33604
1.751
0.667756
2.00101
1.04367
0.120404
0.660045
0.456685
1.40374
2.33445
1.02363
0.761837
0.605476
1.27916
1.49379
0.49996
1.32695
0.795794
0.619618
1.08664
0.658611
1.63967
0.781339
1.56216
1.06561
0.129313
1.92263
0.758601
2.25601
0.945751
0.078345
0.691538
1.16839
0.830446
0.764878
1.68188
0.272497
0.460115
0.276444
0.367381
0.386728
1.69936
1.10882
0.535978
0.989605
1.63513
1.5961
0.994724
0.856483
2.31348
1.3682
0.866254
1.667
0.768929
1.75045
0.466124
0.889642
0.566673
1.60416
0.404915
0.0569903
1.62679
1.24274
0.922452
0.362928
2.91205
1.70379
1.07294
0.703526
0.320995
2.36074
1.94274
1.03455
1.89208
0.967656
1.26531
2.09286
0.425392
0.367789
0.701487
0.543412
1.94761
0.621502
1.02359
1.34128
0.917467
1.11565
0.740866
0.748062
1.402
0.483374
1.98812
2.33436
2.55387
1.08704
2.41757
0.989976
1.27973
1.27391
2.02723
1.79525
0.424703
1.11529
0.804632
1.83948
0.94249
1.05396
1.05352
0.989223
1.57565
1.49414
0.85637
0.406026
2.10977
0.515313
0.589887
1.48616
1.54524
1.01618
2.3202
0.420025
0.500136
1.87973
1.11415
2.3434
0.710614
1.27701
2.4023
1.04264
0.871563
1.48711
0.548693
0.257577
0.173752
0.942815
0.528662
0.729587
1.27065
1.73524
2.74255
0.905824
0.760757
1.09643
0.132152
1.60089
0.41925
0.479688
0.563151
0.674798
1.4703
0.403392
1.19788
0.794282
1.03172
1.44831
0.382376
1.84831
0.83134
0.648382
0.555526
1.18167
0.305358
2.40923
1.04685
1.36928
1.00191
1.06802
1.03709
1.57542
1.17853
1.1194
0.686002
1.00804
0.25925
1.60039
1.60477
1.36504
1.03641
2.56212
1.70797
1.75832
0.958638
2.18305
1.06651
1.25197
0.814441
0.945293
1.73263
1.13861
1.38052
0.408555
1.87055
1.09774
2.93618
2.54324
1.18921
1.70442
0.388025
1.84635
1.02321
0.790662
0.435178
1.27144
1.13619
0.304207
0.884644
0.421294
0.781561
1.08346
2.06996
1.53961
0.97331
2.66797
2.23224
1.15195
1.00542
2.7318
1.30394
1.49632
0.294749
1.56315
0.703819
1.99509
1.95836
1.6652
0.600483
0.970885
0.971902
0.150961
0.219392
1.16195
1.2384
0.576148
2.01037
0.528394
0.516194
1.09497
1.44333
0.335366
1.36033
1.45431
1.57507
2.01814
0.446003
0.228033
0.649668
0.857273
0.848556
0.58975
1.15034
0.525156
0.593201
1.18634
0.501164
0.40729
0.975631
1.24257
1.6823
2.34674
2.17428
1.46899
1.03778
0.0391323
1.38399
2.07019
1.12717
1.13379
1.7986
0.135945
1.59906
0.713313
0.120876
1.7494
0.913924
1.49788
1.89875
0.944712
0.487097
1.80395
2.22547
0.745028
0.945804
1.00633
2.31821
0.0456291
0.932883
2.55464
1.45267
1.96787
0.970317
0.982372
0.990434
1.69721
0.796526
1.5334
2.01399
2.17991
2.1731
1.49423
1.27976
1.5042
2.14176
0.267457
0.93163
1.62818
1.3529
1.11092
1.02181
1.29205
0.954759
2.43685
1.50024
0.928909
1.90326
2.78055
0.69872
1.13699
1.44447
1.42788
1.8439
2.97476
1.25069
1.31071
1.52126
1.29082
0.663161
1.18711
0.915613
0.627121
2.20095
0.423507
2.51239
0.42739
0.580588
1.39887
0.873423
0.895555
0.491238
0.00644123
0.167917
1.17281
0.743845
1.58671
1.75897
2.43699
1.59662
2.42943
1.73357
1.45081
0.987597
1.79491
0.377275
0.654998
1.20036
1.18299
0.604438
0.671195
0.653407
0.274345
1.48882
2.10597
0.390499
1.67722
0.711701
0.729154
0.757071
0.275716
1.65469
0.839983
0.98044
0.910134
1.12451
0.702148
1.84405
1.0884
1.28675
1.57576
1.50569
2.36543
0.474087
1.57635
1.80526
0.569505
0.685204
0.655355
2.30908
0.786978
0.89385
0.739124
1.26476
2.30857
