0.525966
0.407739
1.38886
1.89113
1.99152
0.780738
1.27263
2.20744
0.697752
0.897687
1.02651
0.865961
1.21985
0.763511
0.78015
1.2796
0.750853
0.775558
1.10726
3.17022
0.763677
0.814964
1.1139
1.08006
1.48278
0.388822
0.525409
1.9295
0.74997
0.507784
1.5052
1.47208
2.68105
1.42706
1.76314
2.32388
0.825592
0.872887
1.26436
1.05097
2.2777
1.44702
0.243802
0.376235
0.448645
1.8104
1.19394
0.859253
0.759732
2.21401
1.74398
1.69647
0.734951
2.33268
2.05307
1.69259
1.84657
1.83049
0.46764
0.103835
1.41276
1.1429
0.922144
0.391026
1.38202
2.40852
1.4589
1.51943
0.887539
0.473307
0.0949108
1.1341
0.765075
1.47061
0.477965
0.405998
1.23486
1.39998
1.97507
1.42949
2.39745
1.29732
1.07386
1.46884
1.21066
0.643398
0.549943
1.87917
2.83757
0.563178
1.51733
0.79633
0.852667
0.47191
0.651141
0.455373
1.36531
0.367069
1.77195
1.18231
1.76519
2.24751
0.79017
1.28895
1.96821
1.047
2.45128
1.04983
0.384872
2.27258
1.05684
0.710902
1.02346
0.748004
0.989933
0.80496
1.37521
1.89253
0.885085
0.716328
1.4984
0.606003
1.99066
0.979373
1.32518
1.49432
0.311943
1.10897
1.02561
0.790895
2.15369
1.2648
0.586953
2.1882
1.61017
2.42967
1.39434
0.67698
1.07549
1.31568
0.520627
1.4742
0.517665
0.395837
1.94232
0.351183
0.911355
0.286269
2.85888
0.354183
0.889265
0.70132
0.236521
1.17876
1.52367
0.407593
1.37975
0.93432
2.28969
1.47215
0.937223
1.13679
0.536207
0.465334
0.653437
1.77416
0.45361
2.44436
1.40874
2.87029
1.5177
0.746898
1.56302
1.8669
0.513921
1.16648
1.869
0.910637
0.919004
1.90397
0.690038
1.43002
0.787294
0.558433
1.79018
0.999912
0.846264
1.59788
1.94932
2.39364
0.984573
1.51592
0.685076
2.26129
1.54828
0.561561
0.604355
1.73434
1.33786
1.51867
1.37388
0.448282
0.485179
3.08727
0.867593
0.826607
0.797447
0.663955
0.455437
1.30079
0.322489
0.661642
2.21663
0.522846
1.2604
1.29869
0.748976
1.43718
1.03131
1.73809
0.83368
2.15946
0.762385
1.65457
3.07883
0.235149
0.253418
0.74218
0.472178
0.780944
0.636249
1.09604
0.563941
1.28312
1.37111
1.22702
1.1032
1.85461
0.995988
1.10573
1.91411
0.741291
1.13353
0.73457
1.17877
2.44113
2.14947
0.879682
0.305593
2.24315
0.230292
1.09994
0.522571
1.05952
1.79137
0.480226
0.254409
0.421558
1.56901
1.1572
1.11787
0.623758
1.74351
0.605004
0.237938
1.82282
1.62674
1.33114
0.661549
0.821823
0.348409
2.33217
0.878378
0.777251
0.297558
0.307014
2.90706
0.3168
0.728093
0.374826
0.858906
0.228135
0.846024
2.03819
0.732431
2.43165
0.243921
0.52791
1.48625
2.03851
0.613279
1.65169
1.1796
1.60502
1.10096
2.0295
0.841232
1.7636
1.66256
1.59738
0.953844
0.635627
0.990211
0.323298
2.26811
1.03874
0.758234
2.27196
1.68951
1.1297
0.724511
1.60272
1.32202
0.616515
0.835639
1.37481
1.81581
0.863854
0.81346
2.24616
1.12158
0.845642
2.61355
1.76894
1.66478
2.65922
0.18396
0.727841
1.94332
1.57371
1.37783
1.28778
0.704391
0.779657
0.802968
0.681208
2.00351
0.49374
0.645755
1.41535
1.351
0.945846
1.24088
1.31641
0.698859
0.811754
1.34506
2.10531
1.79185
0.621862
1.71119
1.22396
0.516577
0.961782
1.15267
0.961775
1.11668
1.0034
0.965544
2.57524
1.23811
0.554971
1.67902
0.221185
0.338708
0.675797
1.98442
1.29731
1.7357
1.49159
1.66963
0.757776
0.786337
2.37362
1.20054
0.915909
1.31883
0.889356
1.4452
0.629581
2.51
0.277747
1.07437
0.859072
0.255727
0.14379
1.02752
0.579879
0.385262
1.64166
0.698813
0.597093
0.34344
0.343851
1.22065
0.691468
1.24677
0.144461
1.87628
2.53134
0.356152
0.903991
1.36669
0.483998
0.732255
0.178685
0.507298
1.01381
0.357103
2.48193
0.777742
0.899038
1.09034
1.65373
1.10094
1.9914
1.41103
1.16613
1.30091
0.957914
1.58784
1.73324
0.665115
0.93559
1.65438
1.14535
1.32808
1.34005
1.02741
0.830276
0.9207
1.98143
1.5411
0.711448
2.11042
0.922938
1.95997
1.06902
1.07269
2.12225
1.25857
0.61735
1.88436
0.513066
0.948214
2.52822
1.82507
1.06651
1.19042
1.2029
0.77517
1.30909
1.83756
0.442971
0.956392
0.673903
1.97671
1.90751
1.29092
1.26392
0.286771
1.49544
0.745868
2.31658
2.46498
1.33822
0.565935
0.836849
0.721043
0.177388
0.677556
0.852832
1.33133
1.82138
0.699254
0.879745
0.932608
0.722942
1.81459
1.29134
0.512782
1.18327
1.61793
0.157322
0.733881
1.34268
1.1734
0.370527
1.67708
0.344394
0.986843
0.683119
1.05119
2.56765
1.77587
0.319624
0.514115
0.735857
1.87802
0.778647
1.48752
0.877389
1.05029
2.04617
0.55149
0.515761
0.822242
1.7815
0.928633
0.681896
0.951359
0.753289
1.11312
1.31941
0.82917
1.80016
1.54636
0.620632
1.70814
1.50904
0.771646
1.33421
1.76858
1.28237
1.1209
1.14167
0.765992
1.59637
0.657986
1.65623
0.822616
3.2503
1.01437
0.394601
1.67347
1.38758
1.02347
1.72428
1.19475
1.26006
1.29266
0.399399
1.92277
3.17187
1.04259
2.08216
0.713117
2.16866
1.48093
1.75123
2.04911
1.28352
0.525297
1.2894
0.665035
2.27537
1.02966
0.91554
1.19446
1.26673
0.135146
2.19454
1.86685
0.690145
1.62509
1.00865
4.1143
1.97499
0.358937
3.06197
1.50478
1.24717
1.16608
1.76358
1.39774
0.631612
2.48207
1.28317
0.134894
1.29671
1.64415
0.956394
1.11174
0.767739
1.00592
1.01967
1.55413
0.757719
1.62758
0.428726
0.928081
1.63149
0.78722
1.33085
1.74353
0.263004
1.61114
1.58807
0.541171
1.08199
2.39944
0.719171
1.14143
2.06249
0.0497223
1.16979
0.79635
1.60076
0.511678
0.469172
1.0756
1.81944
0.818263
0.884525
1.37886
0.636496
1.60378
0.783258
1.57009
0.570611
0.878206
0.865625
1.66657
2.14794
0.543044
1.46406
1.78015
2.21541
0.219748
0.884423
0.449138
1.56701
0.824008
0.497964
1.87372
0.333024
1.78558
1.21177
0.728645
1.63467
0.906621
0.965971
0.4444
1.83575
0.747526
1.11531
0.534225
1.78939
2.40995
0.95968
0.464549
0.801171
1.30313
1.96085
1.17982
1.95234
0.514912
1.16335
1.24241
1.03091
1.33251
0.196295
2.00831
0.907755
1.18832
1.05707
0.409314
0.45252
0.768316
0.620456
0.729115
1.87793
1.68369
1.77255
0.874396
1.06963
0.368936
1.6304
2.37886
0.948371
1.49497
0.869439
1.63813
1.60617
0.892248
1.72579
1.73505
1.40077
0.689568
0.42787
2.44252
1.24659
0.860308
1.68396
1.56143
1.53795
0.806943
0.55205
1.14474
1.65757
0.464673
2.51682
2.35516
0.575829
0.517672
1.58499
0.972698
1.06605
0.461818
1.03493
0.936433
1.02157
0.747082
0.526038
0.156433
1.35928
0.56917
2.45592
1.44854
0.71476
2.24151
0.596778
1.5661
2.21907
0.365927
0.309529
0.504171
1.05643
2.31554
0.353956
1.02615
1.90882
0.592387
0.936978
1.18402
1.89955
1.67709
0.921168
1.01838
1.0978
1.39631
0.652924
0.923794
1.14756
0.462718
1.25859
1.48007
1.25794
1.13729
0.84622
2.42119
0.730429
0.728315
0.968599
0.264358
1.68223
0.973827
1.89158
2.18274
1.24191
1.60877
0.2651
0.771504
0.690458
0.929147
0.75618
0.583824
1.27341
0.727986
1.31627
1.35711
0.662902
1.57316
1.7189
0.410158
1.45871
0.726362
1.22829
2.23999
1.38852
0.822438
1.84117
0.43328
0.211156
1.33988
0.773882
0.897552
0.791416
1.24366
0.679698
0.987048
0.663196
0.296012
1.00081
2.76586
1.54205
1.0288
1.22173
2.466
0.503523
2.45333
0.544794
1.84036
1.59247
2.22883
0.521373
0.523757
0.366453
0.655201
0.885163
1.21061
2.70029
1.35099
0.275569
0.993183
1.18426
1.62924
1.04486
0.923557
2.24711
0.149881
0.861031
1.55671
1.36226
1.39834
1.18698
0.898533
0.528295
0.490998
0.893001
0.886912
1.46067
0.791526
1.06989
1.12412
1.23467
0.825084
1.37612
1.15738
0.577697
1.18848
0.98512
2.21353
1.67434
2.32852
1.31036
1.92072
1.02496
2.46494
0.792443
2.70407
1.37221
1.35475
3.00701
0.843746
2.76091
1.04627
1.77155
0.360659
1.86961
1.27487
1.59235
0.618167
1.29255
1.10052
1.12768
2.81052
2.07063
0.690815
1.19421
0.555833
1.27884
2.08343
1.92706
0.508779
2.10976
0.513281
0.847708
1.29
0.429976
1.29163
1.01814
0.485273
1.15554
0.927377
1.73587
1.0442
1.23724
0.816724
0.798198
0.574829
1.22797
2.00942
1.10609
0.130484
0.91733
0.813237
0.890362
0.388731
0.130141
1.21945
2.20635
0.585927
1.43094
1.18444
1.02834
0.900823
1.45033
0.71483
1.19504
0.831302
0.478266
0.484948
1.38926
1.0558
0.0967988
1.43344
0.851598
0.779318
1.95915
0.245746
0.407548
2.04792
1.01249
1.05546
1.72903
1.43348
0.489953
0.795651
1.67801
1.43511
2.79937
0.268094
1.2451
1.94329
2.85247
1.31072
2.75774
0.808931
3.02412
0.973256
1.55704
1.26046
0.542565
0.651981
0.939559
0.681313
0.656927
0.696272
0.557684
0.935756
1.04582
2.00471
1.74189
2.02584
1.19061
0.287371
0.819024
1.02382
0.848555
1.05356
1.9556
1.48901
2.17
0.878239
0.314567
0.255157
1.36784
1.22825
1.18698
1.52956
1.36432
1.42478
1.06519
1.77639
1.65825
0.575438
1.14111
1.16697
0.382217
0.437816
0.963011
0.628773
1.68407
2.35461
1.31902
1.08393
0.291827
1.17263
1.36158
2.14428
2.19484
1.2781
0.916948
0.750445
2.75131
0.734749
0.420796
0.910113
1.30727
1.97638
1.32594
1.38976
2.4097
0.765569
2.60655
1.18573
0.688733
1.93519
2.02791
1.70295
1.62037
1.8151
0.500908
0.439588
0.755248
0.278689
0.889188
0.341484
0.725599
1.9837
0.220176
1.01639
0.590694
